Time (unixtime),Longitude (deg),Latitude (deg),Altitude (km)
1711148453.419000,-164.051000,56.651000,615.395000
1711148517.420000,-163.471000,60.583000,614.697000
1711148581.419000,-162.656000,64.509000,614.021000
1711148645.419000,-161.476000,68.424000,613.370000
1711148709.419000,-159.693000,72.323000,612.750000
1711148773.419000,-156.800000,76.189000,612.175000
1711148837.419000,-151.530000,79.984000,611.636000
1711148901.419000,-139.937000,83.582000,611.144000
1711148965.419000,-105.963000,86.334000,610.703000
1711149029.419000,-45.446000,85.885000,610.313000
1711149093.419000,-19.150000,82.806000,609.976000
1711149157.419000,-9.653000,79.139000,609.686000
1711149221.420000,-5.105000,75.319000,609.461000
1711149285.419000,-2.532000,71.440000,609.291000
1711149349.419000,-0.914000,67.533000,609.168000
1711149413.419000,0.168000,63.609000,609.098000
1711149477.419000,0.922000,59.676000,609.084000
1711149541.419000,1.461000,55.735000,609.113000
1711149605.519000,1.852000,51.784000,609.192000
1711149669.419000,2.136000,47.843000,609.307000
1711149733.419000,2.343000,43.892000,609.460000
1711149797.420000,2.490000,39.940000,609.648000
1711149861.419000,2.592000,35.986000,609.871000
1711149925.419000,2.658000,32.031000,610.116000
1711149989.419000,2.697000,28.075000,610.379000
1711150053.419000,2.714000,24.118000,610.671000
1711150117.419000,2.714000,20.161000,610.975000
1711150181.420000,2.701000,16.204000,611.284000
1711150245.420000,2.677000,12.247000,611.603000
1711150309.420000,2.647000,8.289000,611.931000
1711150373.419000,2.611000,4.332000,612.252000
1711150437.420000,2.573000,0.375000,612.577000
1711150501.420000,2.535000,-3.581000,612.898000
1711150565.420000,2.499000,-7.537000,613.218000
1711150629.420000,2.467000,-11.493000,613.531000
1711150693.420000,2.442000,-15.448000,613.843000
1711150757.420000,2.427000,-19.402000,614.145000
1711151013.420000,2.530000,-35.207000,615.326000
1711151077.420000,2.624000,-39.155000,615.619000
1711151141.420000,2.760000,-43.101000,615.908000
1711151205.419000,2.953000,-47.044000,616.200000
1711151269.420000,3.218000,-50.985000,616.501000
1711151333.419000,3.583000,-54.922000,616.807000
1711151462.520000,4.798000,-62.848000,617.448000
1711151526.420000,5.798000,-66.758000,617.783000
1711151590.419000,7.281000,-70.660000,618.127000
1711151654.420000,9.603000,-74.536000,618.483000
1711151718.420000,13.596000,-78.362000,618.845000
1711151782.419000,21.559000,-82.067000,619.229000
1711151846.419000,42.289000,-85.345000,619.613000
1711151910.419000,98.155000,-86.604000,620.012000
1711151974.419000,140.616000,-84.296000,620.416000
1711152038.419000,154.911000,-80.796000,620.821000
1711152102.419000,161.041000,-77.038000,621.234000
1711152166.419000,164.294000,-73.192000,621.644000
1711152230.419000,166.264000,-69.309000,622.051000
1711152294.419000,167.549000,-65.407000,622.450000
1711152358.419000,168.431000,-61.493000,622.839000
1711152422.419000,169.056000,-57.571000,623.214000
1711152486.419000,169.506000,-53.644000,623.568000
1711152550.419000,169.834000,-49.714000,623.894000
1711152614.419000,170.073000,-45.781000,624.190000
1711152678.419000,170.245000,-41.846000,624.454000
1711152742.419000,170.365000,-37.910000,624.676000
1711152806.420000,170.447000,-33.972000,624.857000
1711152870.419000,170.497000,-30.033000,624.990000
1711152934.419000,170.523000,-26.094000,625.076000
1711152998.419000,170.530000,-22.153000,625.110000
1711153062.419000,170.522000,-18.212000,625.081000
1711153126.419000,170.502000,-14.270000,625.000000
1711153190.419000,170.474000,-10.328000,624.856000
1711153254.419000,170.440000,-6.385000,624.653000
1711153382.419000,170.363000,1.502000,624.082000
1711153446.419000,170.325000,5.446000,623.704000
1711153510.419000,170.290000,9.390000,623.269000
1711153574.419000,170.260000,13.334000,622.793000
1711153638.419000,170.238000,17.279000,622.259000
1711153702.419000,170.227000,21.224000,621.696000
1711153766.419000,170.231000,25.168000,621.080000
1711153830.419000,170.252000,29.113000,620.426000
1711153894.419000,170.297000,33.058000,619.755000
1711153958.419000,170.370000,37.002000,619.054000
1711154022.419000,170.482000,40.945000,618.334000
1711154086.419000,170.642000,44.887000,617.612000
1711154150.419000,170.864000,48.828000,616.881000
1711154214.419000,171.171000,52.768000,616.153000
1711154278.419000,171.592000,56.704000,615.434000
1711154342.419000,172.174000,60.636000,614.735000
1711154470.419000,174.178000,68.477000,613.394000
1711154534.420000,175.972000,72.375000,612.775000
1711154598.420000,178.888000,76.240000,612.195000
1711154662.421000,-175.812000,80.035000,611.656000
1711154726.421000,-164.013000,83.627000,611.155000
1711154982.419000,-33.045000,78.523000,609.651000
1711155046.419000,-29.140000,74.931000,609.436000
1711155110.419000,-26.814000,71.292000,609.273000
1711155174.419000,-25.305000,67.629000,609.161000
1711155239.519000,-24.271000,63.951000,609.085000
1711155942.419000,-21.649000,19.515000,610.942000
1711156006.419000,-21.663000,15.805000,611.230000
1711156070.419000,-21.686000,12.095000,611.521000
1711156134.419000,-21.714000,8.385000,611.820000
1711156198.419000,-21.747000,4.675000,612.122000
1711157030.420000,-21.400000,-47.197000,616.115000
1711157094.420000,-21.151000,-50.891000,616.403000
1711157158.420000,-20.815000,-54.582000,616.689000
1711157803.220000,120.609000,-83.603000,620.483000
1711157862.420000,131.781000,-80.249000,620.876000
1711157926.419000,137.037000,-76.710000,621.267000
1711157990.419000,139.992000,-73.102000,621.652000
1711158054.419000,141.841000,-69.462000,622.046000
1711158118.419000,143.079000,-65.804000,622.430000
1711158822.420000,146.167000,-21.569000,625.196000
1711158886.419000,146.158000,-17.875000,625.173000
1711158950.420000,146.139000,-14.179000,625.096000
1711159014.420000,146.113000,-10.484000,624.973000
1711159078.419000,146.081000,-6.787000,624.785000
1711159783.420000,146.023000,37.584000,619.042000
1711159847.419000,146.132000,41.281000,618.357000
1711159911.419000,146.284000,44.977000,617.673000
1711159975.419000,146.492000,48.672000,616.981000
1711160039.420000,146.773000,52.364000,616.286000
1711160167.420000,147.822000,60.689000,614.767000
1711160231.420000,148.645000,64.615000,614.077000
1711160295.419000,149.837000,68.530000,613.413000
1711160359.420000,151.641000,72.427000,612.784000
1711160487.419000,159.934000,80.085000,611.642000
1711160551.420000,171.847000,83.673000,611.139000
1711160615.419000,-153.228000,86.383000,610.683000
1711160679.419000,-92.943000,85.824000,610.281000
1711160743.419000,-65.714000,82.236000,609.887000
1711160807.519000,-57.775000,78.768000,609.614000
1711160871.519000,-53.710000,75.180000,609.390000
1711160935.420000,-51.306000,71.543000,609.218000
1711160999.420000,-49.755000,67.881000,609.089000
1711161703.419000,-46.008000,23.479000,610.532000
1711161767.419000,-46.010000,19.769000,610.810000
1711161831.419000,-46.023000,16.059000,611.097000
1711161895.420000,-46.045000,12.349000,611.401000
1711161959.419000,-46.073000,8.639000,611.700000
1711162855.419000,-45.775000,-46.944000,616.143000
1711163624.419000,95.032000,-83.818000,620.623000
1711163688.419000,106.906000,-80.487000,621.014000
1711163752.419000,112.406000,-76.956000,621.416000
1711163816.419000,115.469000,-73.352000,621.816000
1711163880.419000,117.374000,-69.713000,622.208000
1711164584.419000,121.801000,-25.520000,625.339000
1711164648.419000,121.806000,-21.826000,625.358000
1711164712.419000,121.798000,-18.132000,625.335000
1711164776.419000,121.780000,-14.437000,625.252000
1711164840.419000,121.754000,-10.741000,625.126000
1711165305.920000,121.510000,18.836000,622.240000
1711165608.419000,121.656000,37.325000,619.123000
1711165672.419000,121.763000,41.022000,618.434000
1711165736.419000,121.912000,44.718000,617.735000
1711165800.419000,122.116000,48.413000,617.024000
1711166504.419000,-112.026000,85.492000,610.133000
1711166568.419000,-90.922000,82.468000,609.803000
1711166632.419000,-82.534000,79.014000,609.529000
1711166696.419000,-78.296000,75.432000,609.295000
1711166760.420000,-75.809000,71.798000,609.119000
1711167465.420000,-70.386000,27.446000,610.197000
1711167528.520000,-70.372000,23.737000,610.472000
1711167593.420000,-70.372000,20.027000,610.767000
1711167657.420000,-70.385000,16.317000,611.068000
1711167721.419000,-70.406000,12.607000,611.379000
1711168425.419000,-70.606000,-31.887000,615.071000
1711169385.419000,34.049000,-86.450000,620.281000
1711169449.419000,69.333000,-84.035000,620.662000
1711169513.419000,81.988000,-80.729000,621.054000
1711169577.419000,87.754000,-77.206000,621.453000
1711169640.719000,90.932000,-73.605000,621.840000
1711170345.419000,97.415000,-29.472000,625.222000
1711170409.419000,97.437000,-25.779000,625.286000
1711170473.419000,97.443000,-22.085000,625.311000
1711170537.419000,97.435000,-18.391000,625.275000
1711170601.419000,97.418000,-14.696000,625.194000
1711171242.420000,97.148000,25.974000,621.039000
1711171306.419000,97.172000,29.672000,620.420000
1711171370.419000,97.220000,33.543000,619.742000
1711171434.419000,97.292000,37.216000,619.078000
1711171498.420000,97.406000,41.159000,618.348000
1711171561.619000,97.566000,45.052000,617.618000
1711172202.419000,127.064000,84.300000,611.025000
1711172266.419000,165.734000,86.553000,610.618000
1711172330.419000,-138.912000,85.663000,610.244000
1711172394.419000,-116.178000,82.700000,609.922000
1711173162.419000,-94.842000,35.125000,609.875000
1711173226.419000,-94.785000,31.417000,610.113000
1711173290.419000,-94.751000,27.708000,610.372000
1711173354.419000,-94.736000,23.999000,610.652000
1711173418.419000,-94.736000,20.289000,610.936000
1711174122.419000,-95.023000,-24.215000,614.583000
1711174186.419000,-95.007000,-27.919000,614.872000
1711174250.419000,-94.972000,-31.623000,615.152000
1711174314.419000,-94.914000,-35.325000,615.431000
1711174378.419000,-94.826000,-39.026000,615.718000
1711175083.419000,-73.269000,-82.780000,619.492000
1711175147.419000,-50.046000,-85.713000,619.868000
1711175211.419000,5.593000,-86.534000,620.240000
1711175275.419000,43.503000,-84.252000,620.627000
1711175339.419000,57.028000,-80.975000,621.005000
1711176043.419000,72.932000,-37.120000,624.859000
1711176107.419000,73.003000,-33.428000,625.012000
1711176171.419000,73.048000,-29.736000,625.112000
1711176235.419000,73.072000,-26.042000,625.180000
1711176299.419000,73.078000,-22.348000,625.197000
1711177003.420000,72.778000,22.014000,621.555000
1711177131.420000,72.806000,29.410000,620.359000
1711177195.420000,72.850000,33.108000,619.722000
1711177259.420000,72.918000,36.805000,619.060000
1711177963.419000,88.355000,80.777000,611.516000
1711178027.419000,101.230000,84.086000,611.055000
1711178091.419000,137.277000,86.475000,610.644000
1711178155.419000,-166.010000,85.827000,610.283000
1711178219.419000,-141.489000,82.933000,609.969000
1711178924.419000,-119.299000,39.094000,609.709000
1711178988.419000,-119.210000,35.387000,609.923000
1711179052.419000,-119.151000,31.680000,610.159000
1711179116.419000,-119.115000,27.971000,610.425000
1711179180.419000,-119.099000,24.262000,610.702000
1711179884.419000,-119.386000,-20.245000,614.339000
1711179948.419000,-119.387000,-23.951000,614.624000
1711180012.420000,-119.372000,-27.656000,614.905000
1711180076.420000,-119.339000,-31.359000,615.189000
1711180140.419000,-119.283000,-35.062000,615.464000
1711180844.420000,-107.084000,-79.105000,619.101000
1711180908.419000,-98.559000,-82.545000,619.461000
1711180972.419000,-77.034000,-85.542000,619.823000
1711181036.420000,-23.019000,-86.601000,620.196000
1711181100.420000,17.582000,-84.466000,620.565000
1711181804.419000,48.457000,-41.073000,624.574000
1711181868.419000,48.564000,-37.382000,624.769000
1711181932.420000,48.637000,-33.691000,624.913000
1711182060.419000,48.708000,-26.305000,625.091000
1711182765.419000,48.424000,18.054000,622.041000
1711182829.419000,48.416000,21.752000,621.489000
1711182893.419000,48.420000,25.451000,620.906000
1711182957.419000,48.442000,29.149000,620.291000
1711183021.419000,48.483000,32.847000,619.652000
1711183725.419000,57.870000,76.996000,611.931000
1711183789.419000,63.433000,80.535000,611.443000
1711183853.419000,75.509000,83.870000,610.984000
1711183917.419000,109.045000,86.380000,610.576000
1711183981.419000,166.704000,85.980000,610.205000
1711184685.419000,-143.797000,43.058000,609.453000
1711184749.419000,-143.667000,39.353000,609.645000
1711184813.419000,-143.576000,35.646000,609.865000
1711184877.419000,-143.515000,31.938000,610.105000
1711185645.419000,-143.735000,-16.281000,614.030000
1711185709.419000,-143.748000,-19.987000,614.325000
1711185773.419000,-143.750000,-23.693000,614.613000
1711185837.419000,-143.736000,-27.398000,614.898000
1711185901.419000,-143.705000,-31.102000,615.180000
1711186670.419000,-131.847000,-78.860000,619.092000
1711186734.419000,-123.777000,-82.313000,619.452000
1711186798.419000,-103.776000,-85.368000,619.808000
1711187502.420000,23.728000,-48.707000,624.075000
1711187566.419000,23.936000,-45.020000,624.332000
1711187630.420000,24.089000,-41.330000,624.557000
1711187694.420000,24.198000,-37.640000,624.750000
1711187758.420000,24.273000,-33.948000,624.907000
1711188462.419000,24.108000,10.400000,623.036000
1711188526.419000,24.082000,14.098000,622.566000
1711188590.420000,24.063000,17.796000,622.048000
1711188654.419000,24.054000,21.494000,621.502000
1711188718.419000,24.057000,25.193000,620.912000
1711189422.419000,28.394000,69.480000,613.004000
1711189486.419000,30.254000,73.130000,612.437000
1711189550.420000,33.231000,76.746000,611.895000
1711189614.419000,38.543000,80.293000,611.395000
1711189678.419000,49.889000,83.652000,610.929000
1711190383.419000,-168.597000,50.721000,609.061000
1711190447.419000,-168.350000,47.019000,609.189000
1711190511.420000,-168.168000,43.315000,609.351000
1711190575.420000,-168.035000,39.609000,609.544000
1711190639.419000,-167.942000,35.902000,609.762000
1711191343.420000,-168.045000,-8.610000,613.355000
1711191407.420000,-168.073000,-12.318000,613.665000
1711191471.419000,-168.096000,-16.026000,613.962000
1711191535.420000,-168.109000,-19.732000,614.267000
1711191599.420000,-168.111000,-23.438000,614.560000
1711192495.419000,-156.582000,-78.617000,619.093000
1711193263.419000,-0.934000,-52.646000,623.829000
1711193327.419000,-0.648000,-48.961000,624.119000
1711193391.419000,-0.436000,-45.274000,624.380000
1711193455.419000,-0.280000,-41.585000,624.611000
1711194224.419000,-0.219000,6.446000,623.544000
1711194288.419000,-0.251000,10.144000,623.112000
1711194416.419000,-0.297000,17.540000,622.118000
1711194480.419000,-0.307000,21.238000,621.567000
1711195184.419000,2.718000,65.559000,613.612000
1711195312.419000,5.734000,72.878000,612.413000
1711195376.419000,8.607000,76.498000,611.865000
1711195440.419000,13.686000,80.052000,611.349000
1711196208.419000,167.023000,50.975000,608.917000
1711196272.419000,167.275000,47.273000,609.039000
1711196336.419000,167.461000,43.569000,609.201000
1711196400.419000,167.597000,39.863000,609.387000
1711197104.420000,167.629000,-4.649000,612.936000
1711197168.419000,167.596000,-8.357000,613.248000
1711197232.420000,167.567000,-12.066000,613.567000
1711197296.420000,167.544000,-15.773000,613.880000
1711197360.420000,167.530000,-19.480000,614.184000
1711198065.420000,170.119000,-63.836000,617.747000
1711198193.419000,172.621000,-71.160000,618.404000
1711198257.419000,174.900000,-74.791000,618.757000
1711198321.420000,178.704000,-78.376000,619.102000
1711199025.420000,-25.710000,-56.580000,623.575000
1711199089.419000,-25.318000,-52.898000,623.888000
1711199153.419000,-25.025000,-49.213000,624.181000
1711199281.419000,-24.650000,-41.837000,624.671000
1711199985.419000,-24.542000,2.494000,624.010000
1711200049.419000,-24.578000,6.192000,623.625000
1711200113.420000,-24.610000,9.890000,623.200000
1711200177.419000,-24.637000,13.588000,622.721000
1711200241.419000,-24.657000,17.286000,622.208000
1711200945.419000,-22.541000,61.627000,614.277000
1711201009.419000,-21.711000,65.306000,613.627000
1711201073.419000,-20.530000,68.975000,613.010000
1711201137.419000,-18.777000,72.628000,612.416000
1711201201.419000,-16.002000,76.251000,611.852000
1711230146.420000,-143.286000,66.134000,613.442000
1711230210.421000,-141.896000,70.044000,612.787000
1711230274.421000,-139.736000,73.932000,612.163000
1711230338.421000,-136.088000,77.776000,611.575000
1711230466.420000,-111.417000,84.916000,610.547000
