Frame#	acq_t_s	NumEvent	Flux	UnixT	E_mean	SumE	Epx_mean	Dose_clu_pGy	Dose_pGy	DR_pGy_s	DR_uGy_h	Long	Lat	Alt	Year	Month	Day	Hour	Min	Sec
[#]	[s]	[#]	[#/cm2/s]	[s]	[keV]	[keV]	[keV/px]	[pGy/clu]	[pGy/f]	[pGy/s]	[uGy/h]	[deg]	[deg]	[km]	[YYYY]	[MM]	[DD]	[hh]	[mm]	[ss]
365077	25.0	11	0.222	1711148453.419	465.9	5125.1	28.7	327.0	3596.8	143.872	0.518	-164.051	56.651	615.395	2024	3	22	23	0	53
365080	25.0	26	0.525	1711148517.42	257.6	6697.2	30.5	180.8	4700.1	188.004	0.677	-163.471	60.583	614.697	2024	3	22	23	1	57
365083	16.456	9	0.276	1711148581.419	269.1	2422.0	33.0	188.9	1699.8	103.294	0.372	-162.656	64.509	614.021	2024	3	22	23	3	1
365086	25.0	25	0.505	1711148645.419	529.0	13226.1	23.7	371.3	9282.2	371.288	1.337	-161.476	68.424	613.37	2024	3	22	23	4	5
365089	25.0	12	0.242	1711148709.419	296.7	3559.8	28.3	208.2	2498.3	99.932	0.36	-159.693	72.323	612.75	2024	3	22	23	5	9
365092	25.0	12	0.242	1711148773.419	443.4	5321.2	23.7	311.2	3734.4	149.376	0.538	-156.8	76.189	612.175	2024	3	22	23	6	13
365095	25.0	17	0.343	1711148837.419	342.6	5824.2	28.0	240.4	4087.5	163.5	0.589	-151.53	79.984	611.636	2024	3	22	23	7	17
365098	25.0	10	0.202	1711148901.419	283.1	2831.2	25.4	198.7	1987.0	79.48	0.286	-139.937	83.582	611.144	2024	3	22	23	8	21
365101	25.0	13	0.263	1711148965.419	366.2	4760.9	29.4	257.0	3341.2	133.648	0.481	-105.963	86.334	610.703	2024	3	22	23	9	25
365104	25.0	26	0.525	1711149029.419	387.9	10084.6	25.6	272.2	7077.4	283.096	1.019	-45.446	85.885	610.313	2024	3	22	23	10	29
365107	25.0	16	0.323	1711149093.419	558.5	8936.7	23.0	392.0	6271.8	250.872	0.903	-19.15	82.806	609.976	2024	3	22	23	11	33
365110	25.0	8	0.162	1711149157.419	336.1	2689.1	29.5	235.9	1887.2	75.488	0.272	-9.653	79.139	609.686	2024	3	22	23	12	37
365113	25.0	14	0.283	1711149221.42	337.1	4719.9	24.0	236.6	3312.5	132.5	0.477	-5.105	75.319	609.461	2024	3	22	23	13	41
365116	25.0	13	0.263	1711149285.419	220.8	2870.4	23.8	155.0	2014.5	80.58	0.29	-2.532	71.44	609.291	2024	3	22	23	14	45
365119	25.0	6	0.121	1711149349.419	554.3	3325.9	28.4	389.0	2334.1	93.364	0.336	-0.914	67.533	609.168	2024	3	22	23	15	49
365122	25.0	6	0.121	1711149413.419	374.2	2245.0	24.0	262.6	1575.6	63.024	0.227	0.168	63.609	609.098	2024	3	22	23	16	53
365125	25.0	21	0.424	1711149477.419	310.3	6515.9	28.1	217.8	4572.9	182.916	0.658	0.922	59.676	609.084	2024	3	22	23	17	57
365128	25.0	13	0.263	1711149541.419	555.0	7214.9	22.2	389.5	5063.5	202.54	0.729	1.461	55.735	609.113	2024	3	22	23	19	1
365131	25.0	23	0.465	1711149605.519	317.9	7311.1	26.3	223.1	5131.0	205.24	0.739	1.852	51.784	609.192	2024	3	22	23	20	5
365134	25.0	11	0.222	1711149669.419	240.4	2644.7	30.8	168.7	1856.1	74.244	0.267	2.136	47.843	609.307	2024	3	22	23	21	9
365140	25.0	6	0.121	1711149797.42	273.4	1640.2	25.2	191.8	1151.1	46.044	0.166	2.49	39.94	609.648	2024	3	22	23	23	17
365143	25.0	5	0.101	1711149861.419	284.1	1420.5	27.2	199.4	996.9	39.876	0.144	2.592	35.986	609.871	2024	3	22	23	24	21
365146	25.0	8	0.162	1711149925.419	336.8	2694.3	24.1	236.4	1890.9	75.636	0.272	2.658	32.031	610.116	2024	3	22	23	25	25
365149	25.0	2	0.04	1711149989.419	166.2	332.5	17.4	116.7	233.4	9.336	0.034	2.697	28.075	610.379	2024	3	22	23	26	29
365152	25.0	4	0.081	1711150053.419	251.9	1007.7	24.9	176.8	707.2	28.288	0.102	2.714	24.118	610.671	2024	3	22	23	27	33
365155	25.0	5	0.101	1711150117.419	143.6	717.8	18.8	100.8	503.8	20.152	0.073	2.714	20.161	610.975	2024	3	22	23	28	37
365161	25.0	2	0.04	1711150245.42	342.0	684.1	16.5	240.0	480.1	19.204	0.069	2.677	12.247	611.603	2024	3	22	23	30	45
365164	8.517	3	0.178	1711150309.42	204.5	613.4	30.4	143.5	430.5	50.546	0.182	2.647	8.289	611.931	2024	3	22	23	31	49
365167	25.0	4	0.081	1711150373.419	328.6	1314.5	24.9	230.6	922.5	36.9	0.133	2.611	4.332	612.252	2024	3	22	23	32	53
365170	25.0	2	0.04	1711150437.42	306.5	613.0	25.6	215.1	430.2	17.208	0.062	2.573	0.375	612.577	2024	3	22	23	33	57
365173	25.0	7	0.141	1711150501.42	631.6	4421.1	20.8	443.3	3102.8	124.112	0.447	2.535	-3.581	612.898	2024	3	22	23	35	1
365176	25.0	3	0.061	1711150565.42	305.1	915.2	17.6	214.1	642.3	25.692	0.092	2.499	-7.537	613.218	2024	3	22	23	36	5
365179	25.0	8	0.162	1711150629.42	342.1	2736.8	29.5	240.1	1920.7	76.828	0.277	2.467	-11.493	613.531	2024	3	22	23	37	9
365182	25.0	11	0.222	1711150693.42	481.9	5300.4	22.1	338.2	3719.9	148.796	0.536	2.442	-15.448	613.843	2024	3	22	23	38	13
365185	25.0	12	0.242	1711150757.42	391.3	4695.5	26.7	274.6	3295.3	131.812	0.475	2.427	-19.402	614.145	2024	3	22	23	39	17
365197	2.569	4	0.786	1711151013.42	1229.2	4916.9	23.1	862.7	3450.7	1343.207	4.836	2.53	-35.207	615.326	2024	3	22	23	43	33
365200	6.745	3	0.225	1711151077.42	708.6	2125.9	26.1	497.3	1492.0	221.201	0.796	2.624	-39.155	615.619	2024	3	22	23	44	37
365203	20.014	7	0.177	1711151141.42	400.9	2806.5	24.3	281.4	1969.6	98.411	0.354	2.76	-43.101	615.908	2024	3	22	23	45	41
365206	25.0	15	0.303	1711151205.419	401.5	6023.1	23.0	281.8	4227.0	169.08	0.609	2.953	-47.044	616.2	2024	3	22	23	46	45
365209	25.0	14	0.283	1711151269.42	294.1	4117.5	26.8	206.4	2889.7	115.588	0.416	3.218	-50.985	616.501	2024	3	22	23	47	49
365212	25.0	3	0.061	1711151333.419	214.2	642.5	22.6	150.3	450.9	18.036	0.065	3.583	-54.922	616.807	2024	3	22	23	48	53
365217	13.832	53	1.935	1711151462.52	173.8	9209.5	26.9	121.9	6463.3	467.272	1.682	4.798	-62.848	617.448	2024	3	22	23	51	2
365220	22.425	67	1.509	1711151526.42	260.8	17475.4	25.1	183.0	12264.3	546.903	1.969	5.798	-66.758	617.783	2024	3	22	23	52	6
365223	25.0	20	0.404	1711151590.419	233.8	4676.3	24.4	164.1	3281.9	131.276	0.473	7.281	-70.66	618.127	2024	3	22	23	53	10
365226	10.298	11	0.539	1711151654.42	443.0	4872.7	23.5	310.9	3419.7	332.074	1.195	9.603	-74.536	618.483	2024	3	22	23	54	14
365229	25.0	4	0.081	1711151718.42	423.5	1694.1	33.7	297.2	1188.9	47.556	0.171	13.596	-78.362	618.845	2024	3	22	23	55	18
365232	25.0	19	0.384	1711151782.419	246.0	4673.6	22.6	172.6	3280.0	131.2	0.472	21.559	-82.067	619.229	2024	3	22	23	56	22
365235	25.0	20	0.404	1711151846.419	362.1	7242.4	27.4	254.1	5082.8	203.312	0.732	42.289	-85.345	619.613	2024	3	22	23	57	26
365238	25.0	15	0.303	1711151910.419	475.0	7125.5	24.6	333.4	5000.7	200.028	0.72	98.155	-86.604	620.012	2024	3	22	23	58	30
365241	25.0	17	0.343	1711151974.419	371.2	6309.8	24.7	260.5	4428.3	177.132	0.638	140.616	-84.296	620.416	2024	3	22	23	59	34
365244	25.0	9	0.182	1711152038.419	293.6	2642.3	28.4	206.0	1854.4	74.176	0.267	154.911	-80.796	620.821	2024	3	23	0	0	38
365247	25.0	11	0.222	1711152102.419	623.0	6853.0	22.4	437.2	4809.5	192.38	0.693	161.041	-77.038	621.234	2024	3	23	0	1	42
365250	25.0	10	0.202	1711152166.419	385.3	3852.9	29.6	270.4	2704.0	108.16	0.389	164.294	-73.192	621.644	2024	3	23	0	2	46
365253	25.0	11	0.222	1711152230.419	439.8	4837.7	21.8	308.6	3395.1	135.804	0.489	166.264	-69.309	622.051	2024	3	23	0	3	50
365256	24.684	12	0.246	1711152294.419	423.8	5086.1	22.0	297.5	3569.5	144.608	0.521	167.549	-65.407	622.45	2024	3	23	0	4	54
365259	25.0	14	0.283	1711152358.419	392.2	5491.0	25.9	275.3	3853.6	154.144	0.555	168.431	-61.492	622.839	2024	3	23	0	5	58
365262	25.0	10	0.202	1711152422.419	376.1	3760.9	22.8	263.9	2639.4	105.576	0.38	169.056	-57.571	623.214	2024	3	23	0	7	2
365265	25.0	19	0.384	1711152486.419	280.7	5333.7	24.9	197.0	3743.2	149.728	0.539	169.506	-53.644	623.568	2024	3	23	0	8	6
365268	25.0	15	0.303	1711152550.419	349.3	5240.1	29.2	245.2	3677.5	147.1	0.53	169.834	-49.714	623.894	2024	3	23	0	9	10
365271	25.0	34	0.687	1711152614.419	352.6	11987.6	29.4	247.4	8413.0	336.52	1.211	170.073	-45.781	624.19	2024	3	23	0	10	14
365274	25.0	15	0.303	1711152678.419	309.8	4647.6	23.4	217.4	3261.7	130.468	0.47	170.245	-41.846	624.454	2024	3	23	0	11	18
365277	25.0	12	0.242	1711152742.419	233.4	2800.8	20.5	163.8	1965.6	78.624	0.283	170.365	-37.91	624.676	2024	3	23	0	12	22
365280	25.0	15	0.303	1711152806.42	247.6	3714.2	24.1	173.8	2606.6	104.264	0.375	170.447	-33.972	624.857	2024	3	23	0	13	26
365283	25.0	7	0.141	1711152870.419	288.3	2018.3	24.6	202.4	1416.5	56.66	0.204	170.497	-30.033	624.99	2024	3	23	0	14	30
365286	25.0	10	0.202	1711152934.419	376.0	3760.3	30.4	263.9	2639.0	105.56	0.38	170.523	-26.094	625.076	2024	3	23	0	15	34
365289	25.0	4	0.081	1711152998.419	300.1	1200.2	30.7	210.6	842.3	33.692	0.121	170.53	-22.153	625.11	2024	3	23	0	16	38
365292	25.0	1	0.02	1711153062.419	697.4	697.4	25.8	489.4	489.4	19.576	0.07	170.522	-18.212	625.081	2024	3	23	0	17	42
365295	25.0	4	0.081	1711153126.419	462.5	1849.9	17.4	324.6	1298.3	51.932	0.187	170.502	-14.27	625.0	2024	3	23	0	18	46
365298	25.0	2	0.04	1711153190.419	285.2	570.3	37.6	200.1	400.2	16.008	0.058	170.474	-10.328	624.856	2024	3	23	0	19	50
365301	25.0	2	0.04	1711153254.419	482.0	964.1	30.4	338.3	676.6	27.064	0.097	170.44	-6.385	624.653	2024	3	23	0	20	54
365307	25.0	6	0.121	1711153382.419	348.9	2093.6	20.7	244.9	1469.3	58.772	0.212	170.363	1.502	624.082	2024	3	23	0	23	2
365310	25.0	5	0.101	1711153446.419	469.4	2347.2	27.0	329.5	1647.3	65.892	0.237	170.325	5.446	623.704	2024	3	23	0	24	6
365313	25.0	1	0.02	1711153510.419	336.7	336.7	18.7	236.3	236.3	9.452	0.034	170.29	9.39	623.269	2024	3	23	0	25	10
365316	25.0	8	0.162	1711153574.419	529.9	4239.2	19.9	371.9	2975.1	119.004	0.428	170.26	13.334	622.793	2024	3	23	0	26	14
365322	25.0	2	0.04	1711153702.419	366.0	732.1	20.1	256.9	513.8	20.552	0.074	170.227	21.224	621.696	2024	3	23	0	28	22
365325	25.0	3	0.061	1711153766.419	747.5	2242.4	15.8	524.6	1573.7	62.948	0.227	170.231	25.169	621.08	2024	3	23	0	29	26
365328	25.0	1	0.02	1711153830.419	768.4	768.4	54.9	539.3	539.3	21.572	0.078	170.252	29.113	620.426	2024	3	23	0	30	30
365331	25.0	3	0.061	1711153894.419	372.9	1118.7	31.6	261.7	785.1	31.404	0.113	170.297	33.058	619.755	2024	3	23	0	31	34
365334	25.0	3	0.061	1711153958.419	216.2	648.7	28.0	151.8	455.3	18.212	0.066	170.37	37.002	619.054	2024	3	23	0	32	38
365337	25.0	4	0.081	1711154022.419	566.6	2266.3	36.2	397.6	1590.5	63.62	0.229	170.482	40.945	618.334	2024	3	23	0	33	42
365340	25.0	9	0.182	1711154086.419	350.8	3157.5	24.0	246.2	2216.0	88.64	0.319	170.642	44.887	617.612	2024	3	23	0	34	46
365343	21.157	9	0.215	1711154150.419	344.1	3097.0	25.6	241.5	2173.5	102.732	0.37	170.864	48.828	616.881	2024	3	23	0	35	50
365346	25.0	18	0.364	1711154214.419	332.9	5991.7	27.0	233.6	4205.0	168.2	0.606	171.171	52.768	616.153	2024	3	23	0	36	54
365349	25.0	7	0.141	1711154278.419	272.3	1906.4	33.3	191.1	1337.9	53.516	0.193	171.592	56.704	615.434	2024	3	23	0	37	58
365352	25.0	16	0.323	1711154342.419	266.0	4255.7	20.4	186.7	2986.7	119.468	0.43	172.174	60.636	614.735	2024	3	23	0	39	2
365357	25.0	20	0.404	1711154470.419	295.1	5902.4	24.5	207.1	4142.3	165.692	0.596	174.178	68.477	613.394	2024	3	23	0	41	10
365360	25.0	17	0.343	1711154534.42	328.5	5584.6	24.0	230.5	3919.3	156.772	0.564	175.972	72.375	612.775	2024	3	23	0	42	14
365363	25.0	15	0.303	1711154598.42	350.1	5251.9	29.4	245.7	3685.8	147.432	0.531	178.888	76.24	612.195	2024	3	23	0	43	18
365366	25.0	7	0.141	1711154662.421	213.8	1496.3	22.8	150.0	1050.1	42.004	0.151	-175.812	80.035	611.656	2024	3	23	0	44	22
365369	25.0	4	0.081	1711154726.421	660.4	2641.6	35.0	463.5	1853.9	74.156	0.267	-164.013	83.627	611.155	2024	3	23	0	45	26
365381	25.0	18	0.364	1711154982.419	388.3	6989.0	21.5	272.5	4904.9	196.196	0.706	-33.045	78.523	609.651	2024	3	23	0	49	42
365384	25.0	10	0.202	1711155046.419	259.3	2592.7	28.2	182.0	1819.6	72.784	0.262	-29.14	74.931	609.436	2024	3	23	0	50	46
365387	25.0	17	0.343	1711155110.419	432.5	7351.9	23.2	303.5	5159.6	206.384	0.743	-26.814	71.292	609.273	2024	3	23	0	51	50
365390	25.0	7	0.141	1711155174.419	208.0	1456.1	22.0	146.0	1021.9	40.876	0.147	-25.305	67.629	609.161	2024	3	23	0	52	54
365393	25.0	22	0.444	1711155239.519	489.1	10759.8	27.4	343.2	7551.3	302.052	1.087	-24.271	63.951	609.085	2024	3	23	0	53	59
365426	25.0	3	0.061	1711155942.419	993.1	2979.2	31.2	696.9	2090.8	83.632	0.301	-21.649	19.515	610.942	2024	3	23	1	5	42
365429	25.0	2	0.04	1711156006.419	864.4	1728.9	28.9	606.7	1213.4	48.536	0.175	-21.663	15.805	611.23	2024	3	23	1	6	46
365432	25.0	1	0.02	1711156070.419	232.0	232.0	25.8	162.8	162.8	6.512	0.023	-21.686	12.095	611.521	2024	3	23	1	7	50
365435	25.0	9	0.182	1711156134.419	331.3	2982.0	18.6	232.5	2092.8	83.712	0.301	-21.714	8.385	611.82	2024	3	23	1	8	54
365438	25.0	6	0.121	1711156198.419	473.9	2843.3	23.0	332.6	1995.4	79.816	0.287	-21.747	4.675	612.122	2024	3	23	1	9	58
365476	25.0	6	0.121	1711157030.42	467.7	2806.0	15.5	328.2	1969.3	78.772	0.284	-21.4	-47.197	616.115	2024	3	23	1	23	50
365479	25.0	16	0.323	1711157094.42	305.1	4880.9	22.8	214.1	3425.4	137.016	0.493	-21.151	-50.891	616.403	2024	3	23	1	24	54
365482	25.0	18	0.364	1711157158.42	219.9	3958.2	17.0	154.3	2777.9	111.116	0.4	-20.815	-54.582	616.689	2024	3	23	1	25	58
365512	25.0	9	0.182	1711157803.22	232.8	2095.3	20.8	163.4	1470.5	58.82	0.212	120.609	-83.603	620.483	2024	3	23	1	36	43
365515	25.0	15	0.303	1711157862.42	363.5	5452.6	25.8	255.1	3826.7	153.068	0.551	131.781	-80.249	620.876	2024	3	23	1	37	42
365518	25.0	3	0.061	1711157926.419	357.6	1072.8	26.4	251.0	752.9	30.116	0.108	137.037	-76.71	621.267	2024	3	23	1	38	46
365521	25.0	13	0.263	1711157990.419	233.4	3033.8	31.4	163.8	2129.1	85.164	0.307	139.992	-73.102	621.652	2024	3	23	1	39	50
365524	25.0	8	0.162	1711158054.419	422.7	3381.9	33.0	296.7	2373.4	94.936	0.342	141.841	-69.462	622.046	2024	3	23	1	40	54
365527	25.0	16	0.323	1711158118.419	377.4	6038.9	22.7	264.9	4238.1	169.524	0.61	143.079	-65.804	622.43	2024	3	23	1	41	58
365560	25.0	4	0.081	1711158822.42	206.3	825.2	26.2	144.8	579.1	23.164	0.083	146.167	-21.569	625.196	2024	3	23	1	53	42
365563	25.0	8	0.162	1711158886.419	254.7	2037.5	25.6	178.7	1429.9	57.196	0.206	146.158	-17.875	625.173	2024	3	23	1	54	46
365566	25.0	5	0.101	1711158950.42	798.1	3990.4	19.8	560.1	2800.5	112.02	0.403	146.139	-14.179	625.096	2024	3	23	1	55	50
365569	25.0	4	0.081	1711159014.42	301.1	1204.4	27.2	211.3	845.3	33.812	0.122	146.113	-10.484	624.973	2024	3	23	1	56	54
365572	25.0	3	0.061	1711159078.419	213.8	641.4	22.1	150.0	450.1	18.004	0.065	146.081	-6.787	624.785	2024	3	23	1	57	58
365605	25.0	5	0.101	1711159783.42	681.5	3407.7	27.7	478.3	2391.5	95.66	0.344	146.023	37.584	619.042	2024	3	23	2	9	43
365608	25.0	8	0.162	1711159847.419	355.3	2842.2	28.3	249.3	1994.7	79.788	0.287	146.132	41.281	618.357	2024	3	23	2	10	47
365611	25.0	2	0.04	1711159911.419	490.6	981.1	43.4	344.2	688.5	27.54	0.099	146.284	44.977	617.673	2024	3	23	2	11	51
365614	25.0	7	0.141	1711159975.419	271.5	1900.2	27.9	190.5	1333.6	53.344	0.192	146.492	48.672	616.981	2024	3	23	2	12	55
365617	25.0	16	0.323	1711160039.42	357.3	5716.6	26.4	250.7	4011.9	160.476	0.578	146.773	52.364	616.286	2024	3	23	2	13	59
365623	25.0	14	0.283	1711160167.42	397.5	5565.6	27.1	279.0	3906.0	156.24	0.562	147.822	60.689	614.767	2024	3	23	2	16	7
365626	1.0	5	2.525	1711160231.42	325.8	1629.1	20.2	228.7	1143.3	1143.3	4.116	148.645	64.615	614.077	2024	3	23	2	17	11
365629	22.754	30	0.666	1711160295.419	346.7	10400.4	24.6	243.3	7299.1	320.783	1.155	149.837	68.53	613.413	2024	3	23	2	18	15
365632	25.0	26	0.525	1711160359.42	440.3	11446.5	26.5	309.0	8033.2	321.328	1.157	151.641	72.427	612.784	2024	3	23	2	19	19
365638	25.0	16	0.323	1711160487.419	341.7	5466.9	25.3	239.8	3836.7	153.468	0.552	159.934	80.085	611.642	2024	3	23	2	21	27
365641	25.0	10	0.202	1711160551.42	523.8	5237.7	30.0	367.6	3675.8	147.032	0.529	171.847	83.673	611.139	2024	3	23	2	22	31
365644	25.0	26	0.525	1711160615.419	265.3	6896.7	23.8	186.2	4840.1	193.604	0.697	-153.228	86.383	610.683	2024	3	23	2	23	35
365647	23.903	21	0.444	1711160679.419	461.9	9699.8	29.3	324.2	6807.4	284.793	1.025	-92.943	85.824	610.281	2024	3	23	2	24	39
365650	6.253	1	0.081	1711160743.419	216.2	216.2	30.9	151.7	151.7	24.26	0.087	-65.714	82.236	609.887	2024	3	23	2	25	43
365653	25.0	10	0.202	1711160807.519	530.3	5303.4	32.9	372.2	3722.0	148.88	0.536	-57.774	78.768	609.614	2024	3	23	2	26	47
365656	25.0	17	0.343	1711160871.519	366.9	6237.7	27.3	257.5	4377.7	175.108	0.63	-53.71	75.18	609.39	2024	3	23	2	27	51
365659	25.0	20	0.404	1711160935.42	578.2	11563.3	20.4	405.8	8115.2	324.608	1.169	-51.306	71.544	609.218	2024	3	23	2	28	55
365662	25.0	15	0.303	1711160999.42	360.1	5401.0	26.0	252.7	3790.5	151.62	0.546	-49.755	67.881	609.089	2024	3	23	2	29	59
365695	25.0	1	0.02	1711161703.419	207.8	207.8	17.3	145.8	145.8	5.832	0.021	-46.008	23.479	610.532	2024	3	23	2	41	43
365698	25.0	7	0.141	1711161767.419	416.0	2911.9	20.3	291.9	2043.6	81.744	0.294	-46.01	19.769	610.81	2024	3	23	2	42	47
365701	25.0	7	0.141	1711161831.419	417.4	2921.7	27.2	292.9	2050.5	82.02	0.295	-46.023	16.059	611.097	2024	3	23	2	43	51
365707	25.0	5	0.101	1711161959.419	530.9	2654.3	25.4	372.6	1862.8	74.512	0.268	-46.073	8.639	611.7	2024	3	23	2	45	59
365761	2.294	7	1.541	1711162855.419	421.1	2947.9	34.8	295.6	2068.9	901.874	3.247	-45.775	-46.944	616.143	2024	3	23	3	0	55
365797	25.0	14	0.283	1711163624.419	375.9	5263.1	28.3	263.8	3693.7	147.748	0.532	95.032	-83.818	620.623	2024	3	23	3	13	44
365800	25.0	12	0.242	1711163688.419	315.5	3786.4	24.8	221.4	2657.3	106.292	0.383	106.906	-80.487	621.014	2024	3	23	3	14	48
365803	25.0	24	0.485	1711163752.419	311.9	7485.4	28.1	218.9	5253.3	210.132	0.756	112.406	-76.956	621.416	2024	3	23	3	15	52
365806	25.0	18	0.364	1711163816.419	514.3	9256.5	27.3	360.9	6496.3	259.852	0.935	115.469	-73.352	621.816	2024	3	23	3	16	56
365809	25.0	6	0.121	1711163880.419	257.1	1542.5	26.9	180.4	1082.5	43.3	0.156	117.374	-69.713	622.208	2024	3	23	3	18	0
365842	25.0	5	0.101	1711164584.419	441.5	2207.4	23.7	309.8	1549.2	61.968	0.223	121.801	-25.52	625.339	2024	3	23	3	29	44
365845	25.0	6	0.121	1711164648.419	447.2	2683.5	27.1	313.9	1883.3	75.332	0.271	121.806	-21.826	625.358	2024	3	23	3	30	48
365851	25.0	1	0.02	1711164776.419	363.4	363.4	21.4	255.0	255.0	10.2	0.037	121.78	-14.437	625.252	2024	3	23	3	32	56
365854	25.0	1	0.02	1711164840.419	300.9	300.9	15.8	211.2	211.2	8.448	0.03	121.754	-10.741	625.126	2024	3	23	3	34	0
365878	25.0	5	0.101	1711165305.92	320.4	1601.9	24.1	224.8	1124.2	44.968	0.162	121.51	18.836	622.24	2024	3	23	3	41	45
365893	25.0	9	0.182	1711165608.419	209.6	1886.0	22.1	147.1	1323.6	52.944	0.191	121.656	37.325	619.123	2024	3	23	3	46	48
365896	25.0	8	0.162	1711165672.419	313.0	2503.6	27.0	219.6	1757.0	70.28	0.253	121.763	41.022	618.434	2024	3	23	3	47	52
365899	25.0	10	0.202	1711165736.419	278.4	2784.4	24.0	195.4	1954.1	78.164	0.281	121.912	44.718	617.735	2024	3	23	3	48	56
365902	25.0	9	0.182	1711165800.419	245.8	2212.5	22.2	172.5	1552.7	62.108	0.224	122.116	48.412	617.024	2024	3	23	3	50	0
365935	25.0	24	0.485	1711166504.419	344.4	8265.8	25.5	241.7	5801.0	232.04	0.835	-112.026	85.492	610.133	2024	3	23	4	1	44
365938	25.0	12	0.242	1711166568.419	321.6	3859.5	26.8	225.7	2708.6	108.344	0.39	-90.922	82.468	609.803	2024	3	23	4	2	48
365941	25.0	13	0.263	1711166632.419	645.4	8390.5	29.3	453.0	5888.5	235.54	0.848	-82.534	79.014	609.529	2024	3	23	4	3	52
365944	25.0	14	0.283	1711166696.419	512.9	7180.7	28.0	360.0	5039.5	201.58	0.726	-78.296	75.432	609.295	2024	3	23	4	4	56
365947	25.0	3	0.061	1711166760.42	391.9	1175.8	32.1	275.1	825.2	33.008	0.119	-75.809	71.798	609.119	2024	3	23	4	6	0
365980	25.0	7	0.141	1711167465.42	254.1	1778.8	31.0	178.3	1248.4	49.936	0.18	-70.386	27.446	610.197	2024	3	23	4	17	45
365983	25.0	8	0.162	1711167528.52	678.3	5426.7	26.3	476.1	3808.5	152.34	0.548	-70.372	23.737	610.472	2024	3	23	4	18	48
365986	25.0	5	0.101	1711167593.42	288.3	1441.5	23.4	202.3	1011.7	40.468	0.146	-70.372	20.027	610.767	2024	3	23	4	19	53
365989	25.0	5	0.101	1711167657.42	204.4	1022.2	18.0	143.5	717.4	28.696	0.103	-70.385	16.317	611.068	2024	3	23	4	20	57
365992	25.0	2	0.04	1711167721.419	439.8	879.5	23.8	308.6	617.2	24.688	0.089	-70.406	12.607	611.379	2024	3	23	4	22	1
366023	0.243	14	29.098	1711168425.419	973.7	13632.0	46.8	683.4	9567.0	39370.37	141.733	-70.606	-31.887	615.071	2024	3	23	4	33	45
366064	22.8	9	0.199	1711169385.419	322.7	2903.9	24.1	226.4	2038.0	89.386	0.322	34.049	-86.45	620.281	2024	3	23	4	49	45
366067	25.0	14	0.283	1711169449.419	529.7	7415.6	27.2	371.7	5204.3	208.172	0.749	69.333	-84.034	620.662	2024	3	23	4	50	49
366070	25.0	15	0.303	1711169513.419	332.1	4981.6	25.4	233.1	3496.1	139.844	0.503	81.988	-80.729	621.054	2024	3	23	4	51	53
366073	25.0	9	0.182	1711169577.419	371.5	3343.6	29.7	260.7	2346.6	93.864	0.338	87.754	-77.206	621.453	2024	3	23	4	52	57
366076	25.0	26	0.525	1711169640.719	343.2	8924.2	25.4	240.9	6263.1	250.524	0.902	90.932	-73.605	621.84	2024	3	23	4	54	0
366108	25.0	15	0.303	1711170345.419	313.8	4706.7	23.5	220.2	3303.2	132.128	0.476	97.415	-29.473	625.222	2024	3	23	5	5	45
366111	25.0	13	0.263	1711170409.419	382.5	4972.3	23.2	268.4	3489.6	139.584	0.503	97.437	-25.779	625.286	2024	3	23	5	6	49
366114	25.0	11	0.222	1711170473.419	232.2	2553.8	24.4	162.9	1792.3	71.692	0.258	97.442	-22.085	625.311	2024	3	23	5	7	53
366117	25.0	6	0.121	1711170537.419	352.0	2111.8	20.4	247.0	1482.1	59.284	0.213	97.435	-18.391	625.275	2024	3	23	5	8	57
366120	25.0	3	0.061	1711170601.419	413.1	1239.2	25.8	289.9	869.7	34.788	0.125	97.418	-14.696	625.194	2024	3	23	5	10	1
366150	25.0	8	0.162	1711171242.42	270.1	2160.5	23.6	189.5	1516.3	60.652	0.218	97.148	25.974	621.039	2024	3	23	5	20	42
366153	25.0	5	0.101	1711171306.419	343.9	1719.3	27.8	241.3	1206.6	48.264	0.174	97.172	29.672	620.42	2024	3	23	5	21	46
366156	25.0	6	0.121	1711171370.419	417.6	2505.7	24.6	293.1	1758.5	70.34	0.253	97.22	33.543	619.742	2024	3	23	5	22	50
366159	25.0	3	0.061	1711171434.419	361.1	1083.4	25.6	253.4	760.3	30.412	0.109	97.292	37.216	619.078	2024	3	23	5	23	54
366162	25.0	5	0.101	1711171498.42	311.4	1557.0	25.5	218.5	1092.7	43.708	0.157	97.406	41.159	618.348	2024	3	23	5	24	58
366165	25.0	14	0.283	1711171561.619	385.5	5396.4	24.1	270.5	3787.2	151.488	0.545	97.566	45.052	617.618	2024	3	23	5	26	1
366193	25.0	7	0.141	1711172202.419	451.8	3162.7	30.6	317.1	2219.6	88.784	0.32	127.064	84.3	611.025	2024	3	23	5	36	42
366196	17.232	11	0.322	1711172266.419	271.8	2989.3	25.0	190.7	2097.9	121.744	0.438	165.734	86.553	610.618	2024	3	23	5	37	46
366199	25.0	21	0.424	1711172330.419	394.5	8284.3	29.5	276.9	5814.0	232.56	0.837	-138.912	85.663	610.244	2024	3	23	5	38	50
366202	25.0	3	0.061	1711172394.419	513.5	1540.4	38.2	360.4	1081.1	43.244	0.156	-116.178	82.7	609.922	2024	3	23	5	39	54
366238	25.0	23	0.465	1711173162.419	363.8	8367.0	28.3	255.3	5872.0	234.88	0.846	-94.842	35.125	609.875	2024	3	23	5	52	42
366241	25.0	26	0.525	1711173226.419	338.2	8793.8	26.7	237.4	6171.5	246.86	0.889	-94.785	31.417	610.113	2024	3	23	5	53	46
366244	25.0	14	0.283	1711173290.419	319.0	4465.4	19.9	223.8	3133.8	125.352	0.451	-94.751	27.708	610.372	2024	3	23	5	54	50
366247	25.0	7	0.141	1711173354.419	353.4	2473.8	25.3	248.0	1736.1	69.444	0.25	-94.736	23.999	610.652	2024	3	23	5	55	54
366250	25.0	5	0.101	1711173418.419	270.3	1351.6	22.4	189.7	948.6	37.944	0.137	-94.736	20.289	610.936	2024	3	23	5	56	58
366282	25.0	9	0.182	1711174122.419	781.5	7033.4	25.9	548.5	4936.1	197.444	0.711	-95.023	-24.215	614.583	2024	3	23	6	8	42
366285	25.0	3	0.061	1711174186.419	225.5	676.4	31.5	158.2	474.7	18.988	0.068	-95.007	-27.919	614.872	2024	3	23	6	9	46
366288	25.0	3	0.061	1711174250.419	208.7	626.1	20.0	146.5	439.4	17.576	0.063	-94.972	-31.623	615.152	2024	3	23	6	10	50
366291	25.0	9	0.182	1711174314.419	514.4	4629.9	20.5	361.0	3249.3	129.972	0.468	-94.914	-35.325	615.431	2024	3	23	6	11	54
366294	25.0	11	0.222	1711174378.419	382.9	4212.2	22.6	268.7	2956.1	118.244	0.426	-94.826	-39.026	615.718	2024	3	23	6	12	58
366326	25.0	22	0.444	1711175083.419	322.8	7102.3	26.7	226.6	4984.4	199.376	0.718	-73.269	-82.78	619.492	2024	3	23	6	24	43
366329	25.0	18	0.364	1711175147.419	381.0	6858.3	27.7	267.4	4813.2	192.528	0.693	-50.046	-85.713	619.868	2024	3	23	6	25	47
366332	25.0	16	0.323	1711175211.419	334.1	5345.5	20.2	234.5	3751.5	150.06	0.54	5.593	-86.534	620.24	2024	3	23	6	26	51
366335	25.0	18	0.364	1711175275.419	397.9	7161.9	24.2	279.2	5026.3	201.052	0.724	43.503	-84.252	620.627	2024	3	23	6	27	55
366338	25.0	17	0.343	1711175339.419	402.0	6834.0	29.9	282.1	4796.1	191.844	0.691	57.028	-80.975	621.005	2024	3	23	6	28	59
366371	25.0	17	0.343	1711176043.419	356.9	6067.3	24.5	250.5	4258.1	170.324	0.613	72.932	-37.12	624.859	2024	3	23	6	40	43
366374	25.0	16	0.323	1711176107.419	492.4	7877.6	27.6	345.5	5528.5	221.14	0.796	73.003	-33.428	625.012	2024	3	23	6	41	47
366377	25.0	2	0.04	1711176171.419	155.2	310.4	27.6	108.9	217.8	8.712	0.031	73.048	-29.736	625.112	2024	3	23	6	42	51
366380	25.0	7	0.141	1711176235.419	514.8	3603.6	19.0	361.3	2529.0	101.16	0.364	73.072	-26.042	625.18	2024	3	23	6	43	55
366383	25.0	7	0.141	1711176299.419	247.0	1729.0	19.2	173.3	1213.4	48.536	0.175	73.078	-22.348	625.197	2024	3	23	6	44	59
366416	25.0	7	0.141	1711177003.42	230.3	1611.9	21.8	161.6	1131.2	45.248	0.163	72.778	22.013	621.555	2024	3	23	6	56	43
366422	25.0	3	0.061	1711177131.42	730.1	2190.2	39.2	512.4	1537.1	61.484	0.221	72.806	29.41	620.359	2024	3	23	6	58	51
366425	25.0	1	0.02	1711177195.42	578.0	578.0	26.3	405.6	405.6	16.224	0.058	72.85	33.108	619.722	2024	3	23	6	59	55
366428	25.0	8	0.162	1711177259.42	260.7	2085.2	29.9	182.9	1463.4	58.536	0.211	72.918	36.805	619.06	2024	3	23	7	0	59
366461	25.0	22	0.444	1711177963.419	506.9	11151.1	30.8	355.7	7825.9	313.036	1.127	88.355	80.777	611.516	2024	3	23	7	12	43
366464	25.0	13	0.263	1711178027.419	265.6	3453.1	21.5	186.4	2423.4	96.936	0.349	101.23	84.086	611.055	2024	3	23	7	13	47
366467	25.0	19	0.384	1711178091.419	295.2	5608.0	25.5	207.1	3935.7	157.428	0.567	137.277	86.475	610.644	2024	3	23	7	14	51
366470	19.487	18	0.467	1711178155.419	380.3	6844.7	28.9	266.9	4803.6	246.503	0.887	-166.01	85.827	610.283	2024	3	23	7	15	55
366473	25.0	20	0.404	1711178219.419	315.6	6312.9	27.2	221.5	4430.4	177.216	0.638	-141.489	82.933	609.969	2024	3	23	7	16	59
366505	25.0	22	0.444	1711178924.419	449.4	9887.8	26.2	315.4	6939.3	277.572	0.999	-119.299	39.094	609.709	2024	3	23	7	28	44
366508	25.0	6	0.121	1711178988.419	678.8	4073.1	25.9	476.4	2858.5	114.34	0.412	-119.21	35.387	609.923	2024	3	23	7	29	48
366511	25.0	8	0.162	1711179052.419	340.3	2722.2	20.3	238.8	1910.5	76.42	0.275	-119.151	31.68	610.159	2024	3	23	7	30	52
366514	25.0	10	0.202	1711179116.419	799.4	7994.2	25.3	561.0	5610.4	224.416	0.808	-119.115	27.971	610.425	2024	3	23	7	31	56
366517	25.0	8	0.162	1711179180.419	277.7	2221.6	26.5	194.9	1559.1	62.364	0.225	-119.099	24.262	610.702	2024	3	23	7	33	0
366553	25.0	4	0.081	1711179884.419	289.9	1159.5	25.5	203.4	813.7	32.548	0.117	-119.386	-20.245	614.339	2024	3	23	7	44	44
366556	25.0	3	0.061	1711179948.419	187.8	563.4	28.7	131.8	395.4	15.816	0.057	-119.387	-23.951	614.624	2024	3	23	7	45	48
366559	25.0	10	0.202	1711180012.42	207.3	2073.1	23.2	145.5	1454.9	58.196	0.21	-119.372	-27.656	614.905	2024	3	23	7	46	52
366562	25.0	6	0.121	1711180076.42	306.6	1839.3	19.1	215.1	1290.8	51.632	0.186	-119.339	-31.359	615.189	2024	3	23	7	47	56
366565	25.0	3	0.061	1711180140.419	201.2	603.5	20.2	141.2	423.5	16.94	0.061	-119.283	-35.062	615.464	2024	3	23	7	49	0
366598	25.0	14	0.283	1711180844.42	347.6	4866.4	27.9	244.0	3415.3	136.612	0.492	-107.084	-79.105	619.101	2024	3	23	8	0	44
366601	25.0	19	0.384	1711180908.419	335.8	6379.6	22.1	235.6	4477.2	179.088	0.645	-98.559	-82.545	619.461	2024	3	23	8	1	48
366604	20.873	15	0.363	1711180972.419	421.4	6320.8	29.3	295.7	4436.0	212.523	0.765	-77.034	-85.542	619.823	2024	3	23	8	2	52
366607	25.0	16	0.323	1711181036.42	427.9	6845.8	29.4	300.3	4804.4	192.176	0.692	-23.019	-86.601	620.196	2024	3	23	8	3	56
366610	23.903	18	0.38	1711181100.42	445.5	8019.3	31.1	312.7	5628.0	235.452	0.848	17.582	-84.466	620.565	2024	3	23	8	5	0
366643	25.0	11	0.222	1711181804.419	319.6	3515.8	24.3	224.3	2467.4	98.696	0.355	48.457	-41.073	624.574	2024	3	23	8	16	44
366646	25.0	12	0.242	1711181868.419	446.0	5352.2	28.9	313.0	3756.2	150.248	0.541	48.564	-37.382	624.769	2024	3	23	8	17	48
366649	25.0	12	0.242	1711181932.42	532.8	6393.2	20.5	373.9	4486.8	179.472	0.646	48.637	-33.691	624.913	2024	3	23	8	18	52
366655	25.0	7	0.141	1711182060.419	352.0	2464.2	29.3	247.1	1729.4	69.176	0.249	48.708	-26.305	625.091	2024	3	23	8	21	0
366688	25.0	5	0.101	1711182765.419	295.7	1478.3	29.3	207.5	1037.5	41.5	0.149	48.424	18.054	622.041	2024	3	23	8	32	45
366691	25.0	4	0.081	1711182829.419	384.5	1537.8	31.1	269.8	1079.2	43.168	0.155	48.416	21.752	621.489	2024	3	23	8	33	49
366694	25.0	2	0.04	1711182893.419	578.6	1157.2	22.5	406.0	812.1	32.484	0.117	48.42	25.451	620.906	2024	3	23	8	34	53
366700	25.0	7	0.141	1711183021.419	228.3	1597.9	22.7	160.2	1121.4	44.856	0.161	48.483	32.847	619.652	2024	3	23	8	37	1
366733	25.0	21	0.424	1711183725.419	292.4	6141.3	26.3	205.2	4310.0	172.4	0.621	57.871	76.996	611.931	2024	3	23	8	48	45
366736	25.0	17	0.343	1711183789.419	250.0	4250.7	25.3	175.5	2983.2	119.328	0.43	63.433	80.535	611.443	2024	3	23	8	49	49
366739	25.0	14	0.283	1711183853.419	582.6	8156.5	33.6	408.9	5724.3	228.972	0.824	75.509	83.87	610.984	2024	3	23	8	50	53
366742	25.0	14	0.283	1711183917.419	298.3	4176.8	28.4	209.4	2931.3	117.252	0.422	109.045	86.38	610.576	2024	3	23	8	51	57
366745	25.0	10	0.202	1711183981.419	180.5	1804.9	25.0	126.7	1266.7	50.668	0.182	166.704	85.98	610.205	2024	3	23	8	53	1
366777	25.0	13	0.263	1711184685.419	561.4	7298.0	34.2	394.0	5121.8	204.872	0.738	-143.797	43.058	609.453	2024	3	23	9	4	45
366780	25.0	7	0.141	1711184749.419	530.9	3716.3	28.7	372.6	2608.1	104.324	0.376	-143.667	39.353	609.645	2024	3	23	9	5	49
366783	25.0	12	0.242	1711184813.419	500.2	6002.7	26.5	351.1	4212.7	168.508	0.607	-143.576	35.646	609.865	2024	3	23	9	6	53
366786	25.0	5	0.101	1711184877.419	203.8	1019.2	30.7	143.1	715.3	28.612	0.103	-143.515	31.938	610.105	2024	3	23	9	7	57
366822	25.0	5	0.101	1711185645.419	176.7	883.4	25.4	124.0	620.0	24.8	0.089	-143.735	-16.281	614.03	2024	3	23	9	20	45
366825	25.0	6	0.121	1711185709.419	216.8	1301.0	23.4	152.2	913.0	36.52	0.131	-143.748	-19.987	614.325	2024	3	23	9	21	49
366828	25.0	3	0.061	1711185773.419	489.7	1469.2	22.7	343.7	1031.1	41.244	0.148	-143.75	-23.693	614.613	2024	3	23	9	22	53
366831	25.0	2	0.04	1711185837.419	518.3	1036.6	33.4	363.8	727.5	29.1	0.105	-143.736	-27.398	614.898	2024	3	23	9	23	57
366834	25.0	8	0.162	1711185901.419	262.8	2102.1	16.3	184.4	1475.3	59.012	0.212	-143.705	-31.102	615.18	2024	3	23	9	25	1
366870	25.0	12	0.242	1711186670.419	465.9	5590.7	25.0	327.0	3923.6	156.944	0.565	-131.847	-78.86	619.092	2024	3	23	9	37	50
366873	15.437	13	0.425	1711186734.419	356.1	4629.0	25.4	249.9	3248.7	210.449	0.758	-123.777	-82.313	619.452	2024	3	23	9	38	54
366876	25.0	10	0.202	1711186798.419	213.0	2130.2	30.7	149.5	1495.0	59.8	0.215	-103.776	-85.368	619.808	2024	3	23	9	39	58
366909	25.0	12	0.242	1711187502.42	462.8	5554.2	25.8	324.8	3898.0	155.92	0.561	23.728	-48.707	624.075	2024	3	23	9	51	42
366912	25.0	11	0.222	1711187566.419	272.5	2997.2	22.1	191.2	2103.5	84.14	0.303	23.936	-45.02	624.332	2024	3	23	9	52	46
366915	25.0	13	0.263	1711187630.42	293.3	3813.4	24.7	205.9	2676.3	107.052	0.385	24.089	-41.33	624.557	2024	3	23	9	53	50
366918	25.0	9	0.182	1711187694.42	259.1	2332.3	19.5	181.9	1636.8	65.472	0.236	24.198	-37.64	624.75	2024	3	23	9	54	54
366921	25.0	14	0.283	1711187758.42	498.2	6974.3	28.2	349.6	4894.6	195.784	0.705	24.273	-33.949	624.907	2024	3	23	9	55	58
366954	25.0	11	0.222	1711188462.419	301.9	3320.8	26.3	211.9	2330.6	93.224	0.336	24.108	10.4	623.036	2024	3	23	10	7	42
366957	25.0	1	0.02	1711188526.419	178.8	178.8	16.3	125.5	125.5	5.02	0.018	24.082	14.098	622.566	2024	3	23	10	8	46
366963	25.0	4	0.081	1711188654.419	408.0	1631.8	25.2	286.3	1145.2	45.808	0.165	24.054	21.494	621.502	2024	3	23	10	10	54
366966	25.0	8	0.162	1711188718.419	358.4	2867.0	27.1	251.5	2012.1	80.484	0.29	24.057	25.193	620.912	2024	3	23	10	11	58
366999	4.48	3	0.338	1711189422.419	582.2	1746.6	37.0	408.6	1225.8	273.616	0.985	28.394	69.48	613.004	2024	3	23	10	23	42
367002	11.392	5	0.222	1711189486.419	814.4	4071.8	38.1	571.5	2857.6	250.843	0.903	30.254	73.13	612.437	2024	3	23	10	24	46
367005	11.951	8	0.338	1711189550.42	412.7	3301.7	33.8	289.6	2317.2	193.892	0.698	33.231	76.746	611.895	2024	3	23	10	25	50
367008	17.82	11	0.312	1711189614.419	207.8	2285.6	20.4	145.8	1604.0	90.011	0.324	38.543	80.294	611.395	2024	3	23	10	26	54
367011	19.461	15	0.389	1711189678.419	352.7	5291.0	23.4	247.6	3713.3	190.807	0.687	49.889	83.652	610.929	2024	3	23	10	27	58
367044	25.0	2	0.04	1711190383.419	425.9	851.9	21.0	299.0	597.9	23.916	0.086	-168.597	50.721	609.061	2024	3	23	10	39	43
367047	25.0	10	0.202	1711190447.419	227.3	2273.4	20.0	159.6	1595.5	63.82	0.23	-168.35	47.019	609.189	2024	3	23	10	40	47
367050	25.0	7	0.141	1711190511.42	386.6	2706.2	19.5	271.3	1899.2	75.968	0.273	-168.168	43.315	609.351	2024	3	23	10	41	51
367053	25.0	10	0.202	1711190575.42	302.2	3022.3	23.4	212.1	2121.1	84.844	0.305	-168.035	39.609	609.544	2024	3	23	10	42	55
367056	25.0	6	0.121	1711190639.419	242.4	1454.2	16.3	170.1	1020.6	40.824	0.147	-167.942	35.902	609.762	2024	3	23	10	43	59
367089	25.0	4	0.081	1711191343.42	180.7	722.8	18.4	126.8	507.3	20.292	0.073	-168.045	-8.61	613.355	2024	3	23	10	55	43
367092	25.0	1	0.02	1711191407.42	236.5	236.5	16.9	166.0	166.0	6.64	0.024	-168.073	-12.318	613.665	2024	3	23	10	56	47
367095	25.0	4	0.081	1711191471.419	286.3	1145.2	25.2	200.9	803.7	32.148	0.116	-168.096	-16.026	613.962	2024	3	23	10	57	51
367098	25.0	7	0.141	1711191535.42	316.8	2217.8	23.5	222.4	1556.5	62.26	0.224	-168.109	-19.732	614.267	2024	3	23	10	58	55
367101	25.0	6	0.121	1711191599.42	257.0	1542.0	23.0	180.4	1082.2	43.288	0.156	-168.111	-23.438	614.56	2024	3	23	10	59	59
367143	6.364	11	0.873	1711192495.419	249.1	2739.7	30.5	174.8	1922.7	302.121	1.088	-156.582	-78.617	619.093	2024	3	23	11	14	55
367179	25.0	12	0.242	1711193263.419	251.4	3017.1	30.2	176.5	2117.4	84.696	0.305	-0.934	-52.646	623.829	2024	3	23	11	27	43
367182	25.0	10	0.202	1711193327.419	324.1	3241.5	24.1	227.5	2274.9	90.996	0.328	-0.648	-48.961	624.119	2024	3	23	11	28	47
367185	25.0	13	0.263	1711193391.419	227.6	2959.1	22.4	159.7	2076.7	83.068	0.299	-0.436	-45.274	624.38	2024	3	23	11	29	51
367188	25.0	3	0.061	1711193455.419	199.8	599.5	19.8	140.2	420.7	16.828	0.061	-0.28	-41.585	624.611	2024	3	23	11	30	55
367224	25.0	2	0.04	1711194224.419	592.9	1185.8	31.6	416.1	832.2	33.288	0.12	-0.219	6.446	623.544	2024	3	23	11	43	44
367227	25.0	3	0.061	1711194288.419	300.9	902.8	23.7	211.2	633.6	25.344	0.091	-0.251	10.144	623.112	2024	3	23	11	44	48
367232	25.0	2	0.04	1711194416.419	402.8	805.6	28.4	282.7	565.4	22.616	0.081	-0.297	17.54	622.118	2024	3	23	11	46	56
367235	25.0	6	0.121	1711194480.419	373.5	2240.8	26.1	262.1	1572.6	62.904	0.226	-0.307	21.238	621.567	2024	3	23	11	48	0
367274	9.03	3	0.168	1711195312.419	463.5	1390.5	33.9	325.3	975.9	108.073	0.389	5.734	72.878	612.413	2024	3	23	12	1	52
367277	14.51	7	0.244	1711195376.419	219.9	1539.6	33.0	154.4	1080.5	74.466	0.268	8.607	76.498	611.865	2024	3	23	12	2	56
367280	8.378	11	0.663	1711195440.419	669.4	7363.5	34.7	469.8	5167.7	616.818	2.221	13.686	80.052	611.349	2024	3	23	12	4	0
367315	25.0	13	0.263	1711196208.419	343.7	4468.6	21.7	241.2	3136.1	125.444	0.452	167.023	50.975	608.917	2024	3	23	12	16	48
367318	25.0	16	0.323	1711196272.419	306.4	4902.2	32.2	215.0	3440.4	137.616	0.495	167.275	47.273	609.039	2024	3	23	12	17	52
367321	25.0	1	0.02	1711196336.419	632.1	632.1	26.3	443.6	443.6	17.744	0.064	167.461	43.569	609.201	2024	3	23	12	18	56
367324	25.0	14	0.283	1711196400.419	231.9	3246.8	25.8	162.8	2278.6	91.144	0.328	167.597	39.863	609.387	2024	3	23	12	20	0
367357	25.0	3	0.061	1711197104.42	371.5	1114.6	26.0	260.7	782.2	31.288	0.113	167.629	-4.649	612.936	2024	3	23	12	31	44
367360	25.0	5	0.101	1711197168.419	381.5	1907.7	25.7	267.8	1338.8	53.552	0.193	167.596	-8.357	613.248	2024	3	23	12	32	48
367363	25.0	2	0.04	1711197232.42	227.9	455.9	25.9	160.0	320.0	12.8	0.046	167.567	-12.066	613.567	2024	3	23	12	33	52
367366	25.0	2	0.04	1711197296.42	249.6	499.2	26.9	175.2	350.3	14.012	0.05	167.544	-15.773	613.88	2024	3	23	12	34	56
367369	25.0	7	0.141	1711197360.42	272.3	1905.8	27.3	191.1	1337.5	53.5	0.193	167.53	-19.48	614.184	2024	3	23	12	36	0
367402	15.227	12	0.398	1711198065.42	439.4	5272.2	27.6	308.3	3700.1	242.996	0.875	170.119	-63.836	617.747	2024	3	23	12	47	45
367408	15.288	14	0.463	1711198193.419	288.4	4037.2	25.0	202.4	2833.3	185.328	0.667	172.621	-71.16	618.404	2024	3	23	12	49	53
367411	13.482	6	0.225	1711198257.419	161.1	966.5	24.0	113.0	678.3	50.312	0.181	174.9	-74.791	618.757	2024	3	23	12	50	57
367414	6.008	6	0.504	1711198321.42	279.2	1675.3	26.0	196.0	1175.7	195.689	0.704	178.704	-78.376	619.102	2024	3	23	12	52	1
367447	25.0	18	0.364	1711199025.42	233.0	4194.1	25.3	163.5	2943.4	117.736	0.424	-25.711	-56.58	623.575	2024	3	23	13	3	45
367450	25.0	15	0.303	1711199089.419	436.1	6541.6	26.7	306.1	4590.9	183.636	0.661	-25.318	-52.898	623.888	2024	3	23	13	4	49
367453	25.0	15	0.303	1711199153.419	393.8	5907.3	21.7	276.4	4145.8	165.832	0.597	-25.026	-49.213	624.181	2024	3	23	13	5	53
367459	3.03	2	0.333	1711199281.419	392.9	785.8	28.5	275.8	551.5	182.013	0.655	-24.65	-41.837	624.671	2024	3	23	13	8	1
367495	25.0	8	0.162	1711199985.419	437.0	3496.3	26.3	306.7	2453.7	98.148	0.353	-24.542	2.494	624.01	2024	3	23	13	19	45
367498	25.0	6	0.121	1711200049.419	652.0	3912.2	24.3	457.6	2745.6	109.824	0.395	-24.578	6.192	623.625	2024	3	23	13	20	49
367501	25.0	2	0.04	1711200113.42	158.0	316.0	31.6	110.9	221.8	8.872	0.032	-24.61	9.89	623.2	2024	3	23	13	21	53
367504	25.0	6	0.121	1711200177.419	259.0	1553.8	20.4	181.8	1090.5	43.62	0.157	-24.637	13.588	622.721	2024	3	23	13	22	57
367507	25.0	7	0.141	1711200241.419	637.4	4461.5	31.6	447.3	3131.1	125.244	0.451	-24.657	17.286	622.208	2024	3	23	13	24	1
367539	20.0	10	0.253	1711200945.419	507.6	5075.5	31.1	356.2	3562.0	178.1	0.641	-22.541	61.627	614.277	2024	3	23	13	35	45
367542	12.123	7	0.292	1711201009.419	452.8	3169.9	29.8	317.8	2224.7	183.511	0.661	-21.711	65.306	613.627	2024	3	23	13	36	49
367545	5.613	7	0.63	1711201073.419	400.2	2801.3	26.5	280.9	1966.0	350.258	1.261	-20.53	68.975	613.01	2024	3	23	13	37	53
367548	4.862	10	1.039	1711201137.419	353.9	3538.8	31.9	248.4	2483.5	510.798	1.839	-18.777	72.628	612.416	2024	3	23	13	38	57
367551	6.107	4	0.331	1711201201.419	477.1	1908.5	40.7	334.8	1339.4	219.322	0.79	-16.002	76.251	611.852	2024	3	23	13	40	1
367779	4.035	11	1.377	1711230146.42	333.6	3669.3	17.9	234.1	2575.1	638.191	2.297	-143.286	66.134	613.442	2024	3	23	21	42	26
367782	5.707	7	0.619	1711230210.421	237.3	1660.9	31.3	166.5	1165.6	204.24	0.735	-141.896	70.044	612.787	2024	3	23	21	43	30
367785	6.68	3	0.227	1711230274.421	526.3	1579.0	40.8	369.4	1108.2	165.898	0.597	-139.736	73.932	612.163	2024	3	23	21	44	34
367788	6.771	2	0.149	1711230338.421	183.0	366.0	30.0	128.4	256.9	37.941	0.137	-136.088	77.776	611.575	2024	3	23	21	45	38
367794	2.975	1	0.17	1711230466.42	89.5	89.5	17.9	62.8	62.8	21.109	0.076	-111.417	84.916	610.547	2024	3	23	21	47	46
