Frame#	acq_t_s	NumEvent	Flux	UnixT	E_mean	SumE	Epx_mean	Dose_clu_pGy	Dose_pGy	DR_pGy_s	DR_uGy_h	Long	Lat	Alt	Year	Month	Day	Hour	Min	Sec
[#]	[s]	[#]	[#/cm2/s]	[s]	[keV]	[keV]	[keV/px]	[pGy/clu]	[pGy/f]	[pGy/s]	[uGy/h]	[deg]	[deg]	[km]	[YYYY]	[MM]	[DD]	[hh]	[mm]	[ss]
365077	25.0	6	0.121	1711148453.419	37.4	224.2	23.2	26.2	157.3	6.292	0.023	-164.051	56.651	615.395	2024	3	22	23	0	53
365080	25.0	174	3.515	1711148517.42	37.7	6557.7	24.9	26.4	4602.2	184.088	0.663	-163.471	60.583	614.697	2024	3	22	23	1	57
365083	16.456	142	4.358	1711148581.419	36.7	5213.3	24.9	25.8	3658.7	222.332	0.8	-162.656	64.509	614.021	2024	3	22	23	3	1
365086	25.0	22	0.444	1711148645.419	47.4	1041.8	31.6	33.2	731.1	29.244	0.105	-161.476	68.424	613.37	2024	3	22	23	4	5
365089	25.0	7	0.141	1711148709.419	31.9	223.4	19.0	22.4	156.8	6.272	0.023	-159.693	72.323	612.75	2024	3	22	23	5	9
365092	25.0	3	0.061	1711148773.419	96.0	288.2	39.2	67.4	202.3	8.092	0.029	-156.8	76.189	612.175	2024	3	22	23	6	13
365095	25.0	4	0.081	1711148837.419	48.9	195.7	20.2	34.3	137.3	5.492	0.02	-151.53	79.984	611.636	2024	3	22	23	7	17
365098	25.0	2	0.04	1711148901.419	125.0	250.1	43.8	87.8	175.5	7.02	0.025	-139.937	83.582	611.144	2024	3	22	23	8	21
365101	25.0	4	0.081	1711148965.419	64.8	259.1	24.3	45.4	181.8	7.272	0.026	-105.963	86.334	610.703	2024	3	22	23	9	25
365104	25.0	1	0.02	1711149029.419	32.9	32.9	32.9	23.1	23.1	0.924	0.003	-45.446	85.885	610.313	2024	3	22	23	10	29
365107	25.0	4	0.081	1711149093.419	64.3	257.3	37.2	45.2	180.6	7.224	0.026	-19.15	82.806	609.976	2024	3	22	23	11	33
365110	25.0	2	0.04	1711149157.419	8.6	17.1	8.6	6.0	12.0	0.48	0.002	-9.653	79.139	609.686	2024	3	22	23	12	37
365113	25.0	3	0.061	1711149221.42	28.6	85.8	24.7	20.1	60.2	2.408	0.009	-5.105	75.319	609.461	2024	3	22	23	13	41
365116	25.0	6	0.121	1711149285.419	27.6	165.8	14.0	19.4	116.4	4.656	0.017	-2.532	71.44	609.291	2024	3	22	23	14	45
365119	25.0	2	0.04	1711149349.419	61.0	122.0	29.8	42.8	85.6	3.424	0.012	-0.914	67.533	609.168	2024	3	22	23	15	49
365122	25.0	5	0.101	1711149413.419	29.9	149.5	20.0	21.0	104.9	4.196	0.015	0.168	63.609	609.098	2024	3	22	23	16	53
365125	25.0	6	0.121	1711149477.419	55.3	331.6	22.7	38.8	232.7	9.308	0.034	0.922	59.676	609.084	2024	3	22	23	17	57
365128	25.0	3	0.061	1711149541.419	28.6	85.9	16.4	20.1	60.3	2.412	0.009	1.461	55.735	609.113	2024	3	22	23	19	1
365131	25.0	1	0.02	1711149605.519	25.7	25.7	25.7	18.0	18.0	0.72	0.003	1.852	51.784	609.192	2024	3	22	23	20	5
365134	25.0	1	0.02	1711149669.419	71.9	71.9	24.0	50.5	50.5	2.02	0.007	2.136	47.843	609.307	2024	3	22	23	21	9
365137	1.0	1	0.505	1711149733.419	153.6	153.6	76.8	107.8	107.8	107.8	0.388	2.343	43.892	609.46	2024	3	22	23	22	13
365140	25.0	1	0.02	1711149797.42	11.2	11.2	5.6	7.9	7.9	0.316	0.001	2.49	39.94	609.648	2024	3	22	23	23	17
365143	25.0	1	0.02	1711149861.419	8.2	8.2	8.2	5.8	5.8	0.232	0.001	2.592	35.986	609.871	2024	3	22	23	24	21
365146	25.0	1	0.02	1711149925.419	47.5	47.5	23.7	33.3	33.3	1.332	0.005	2.658	32.031	610.116	2024	3	22	23	25	25
365149	25.0	2	0.04	1711149989.419	81.3	162.7	27.1	57.1	114.2	4.568	0.016	2.697	28.075	610.379	2024	3	22	23	26	29
365152	25.0	4	0.081	1711150053.419	24.0	96.0	16.3	16.8	67.4	2.696	0.01	2.714	24.118	610.671	2024	3	22	23	27	33
365155	25.0	2	0.04	1711150117.419	12.9	25.7	12.9	9.0	18.0	0.72	0.003	2.714	20.161	610.975	2024	3	22	23	28	37
365158	25.0	2	0.04	1711150181.42	39.4	78.7	23.1	27.6	55.2	2.208	0.008	2.701	16.204	611.284	2024	3	22	23	29	41
365161	25.0	3	0.061	1711150245.42	41.1	123.2	33.5	28.8	86.5	3.46	0.012	2.677	12.247	611.603	2024	3	22	23	30	45
365167	25.0	1	0.02	1711150373.419	48.0	48.0	16.0	33.7	33.7	1.348	0.005	2.611	4.332	612.252	2024	3	22	23	32	53
365170	25.0	4	0.081	1711150437.42	20.6	82.4	15.0	14.4	57.8	2.312	0.008	2.573	0.375	612.577	2024	3	22	23	33	57
365173	25.0	2	0.04	1711150501.42	42.3	84.5	42.3	29.6	59.3	2.372	0.009	2.535	-3.581	612.898	2024	3	22	23	35	1
365176	25.0	2	0.04	1711150565.42	29.7	59.4	11.7	20.8	41.7	1.668	0.006	2.499	-7.537	613.218	2024	3	22	23	36	5
365179	25.0	2	0.04	1711150629.42	5.7	11.3	5.7	4.0	7.9	0.316	0.001	2.467	-11.493	613.531	2024	3	22	23	37	9
365182	25.0	6	0.121	1711150693.42	54.0	324.3	30.6	37.9	227.6	9.104	0.033	2.442	-15.448	613.843	2024	3	22	23	38	13
365185	25.0	7	0.141	1711150757.42	25.1	175.6	20.2	17.6	123.2	4.928	0.018	2.427	-19.402	614.145	2024	3	22	23	39	17
365197	2.569	13	2.556	1711151013.42	23.5	305.0	18.4	16.5	214.1	83.34	0.3	2.53	-35.207	615.326	2024	3	22	23	43	33
365200	6.745	20	1.498	1711151077.42	52.1	1042.6	27.5	36.6	731.7	108.48	0.391	2.624	-39.155	615.619	2024	3	22	23	44	37
365203	20.014	46	1.161	1711151141.42	42.5	1955.3	25.1	29.8	1372.2	68.562	0.247	2.76	-43.101	615.908	2024	3	22	23	45	41
365206	25.0	32	0.646	1711151205.419	43.8	1400.6	29.3	30.7	982.9	39.316	0.142	2.953	-47.044	616.2	2024	3	22	23	46	45
365209	25.0	26	0.525	1711151269.42	39.9	1037.9	27.7	28.0	728.4	29.136	0.105	3.218	-50.985	616.501	2024	3	22	23	47	49
365212	25.0	1	0.02	1711151333.419	7.2	7.2	7.2	5.1	5.1	0.204	0.001	3.583	-54.922	616.807	2024	3	22	23	48	53
365217	13.832	369	13.473	1711151462.52	37.9	13993.8	24.9	26.6	9820.9	710.013	2.556	4.798	-62.848	617.448	2024	3	22	23	51	2
365220	22.425	419	9.437	1711151526.42	36.0	15080.6	25.1	25.3	10583.6	471.955	1.699	5.798	-66.758	617.783	2024	3	22	23	52	6
365223	25.0	98	1.98	1711151590.419	37.3	3652.7	26.6	26.2	2563.5	102.54	0.369	7.281	-70.66	618.127	2024	3	22	23	53	10
365226	10.298	10	0.49	1711151654.42	25.4	254.5	20.9	17.9	178.6	17.343	0.062	9.603	-74.536	618.483	2024	3	22	23	54	14
365229	25.0	2	0.04	1711151718.42	88.1	176.3	42.8	61.8	123.7	4.948	0.018	13.596	-78.362	618.845	2024	3	22	23	55	18
365232	25.0	7	0.141	1711151782.419	37.7	264.2	16.0	26.5	185.4	7.416	0.027	21.559	-82.067	619.229	2024	3	22	23	56	22
365235	25.0	3	0.061	1711151846.419	48.4	145.2	30.6	34.0	101.9	4.076	0.015	42.289	-85.345	619.613	2024	3	22	23	57	26
365238	25.0	6	0.121	1711151910.419	38.9	233.2	22.7	27.3	163.7	6.548	0.024	98.155	-86.604	620.012	2024	3	22	23	58	30
365241	25.0	4	0.081	1711151974.419	33.1	132.2	19.2	23.2	92.8	3.712	0.013	140.616	-84.296	620.416	2024	3	22	23	59	34
365244	25.0	4	0.081	1711152038.419	38.7	154.7	22.2	27.2	108.6	4.344	0.016	154.911	-80.796	620.821	2024	3	23	0	0	38
365247	25.0	3	0.061	1711152102.419	71.4	214.3	49.4	50.1	150.4	6.016	0.022	161.041	-77.038	621.234	2024	3	23	0	1	42
365250	25.0	5	0.101	1711152166.419	52.1	260.3	28.7	36.5	182.7	7.308	0.026	164.294	-73.192	621.644	2024	3	23	0	2	46
365253	25.0	1	0.02	1711152230.419	138.5	138.5	46.2	97.2	97.2	3.888	0.014	166.264	-69.31	622.051	2024	3	23	0	3	50
365256	24.684	6	0.123	1711152294.419	51.8	310.7	41.2	36.4	218.1	8.836	0.032	167.549	-65.407	622.45	2024	3	23	0	4	54
365259	25.0	5	0.101	1711152358.419	36.8	183.8	19.2	25.8	129.0	5.16	0.019	168.431	-61.492	622.839	2024	3	23	0	5	58
365262	25.0	22	0.444	1711152422.419	28.9	636.5	25.7	20.3	446.7	17.868	0.064	169.056	-57.571	623.214	2024	3	23	0	7	2
365265	25.0	122	2.465	1711152486.419	35.2	4294.9	24.7	24.7	3014.2	120.568	0.434	169.506	-53.644	623.568	2024	3	23	0	8	6
365268	25.0	126	2.545	1711152550.419	37.3	4702.6	26.0	26.2	3300.3	132.012	0.475	169.834	-49.714	623.894	2024	3	23	0	9	10
365271	25.0	13	0.263	1711152614.419	72.5	942.0	34.7	50.9	661.1	26.444	0.095	170.073	-45.781	624.19	2024	3	23	0	10	14
365274	25.0	1	0.02	1711152678.419	26.2	26.2	8.7	18.4	18.4	0.736	0.003	170.245	-41.846	624.454	2024	3	23	0	11	18
365277	25.0	4	0.081	1711152742.419	42.9	171.6	25.0	30.1	120.4	4.816	0.017	170.365	-37.91	624.676	2024	3	23	0	12	22
365283	25.0	3	0.061	1711152870.419	50.3	150.9	22.8	35.3	105.9	4.236	0.015	170.497	-30.033	624.99	2024	3	23	0	14	30
365286	25.0	1	0.02	1711152934.419	30.8	30.8	15.4	21.6	21.6	0.864	0.003	170.523	-26.094	625.076	2024	3	23	0	15	34
365289	25.0	3	0.061	1711152998.419	23.7	71.2	23.7	16.7	50.0	2.0	0.007	170.53	-22.153	625.11	2024	3	23	0	16	38
365301	25.0	3	0.061	1711153254.419	25.5	76.5	17.8	17.9	53.7	2.148	0.008	170.44	-6.385	624.653	2024	3	23	0	20	54
365307	25.0	3	0.061	1711153382.419	29.6	88.7	25.5	20.8	62.3	2.492	0.009	170.363	1.502	624.082	2024	3	23	0	23	2
365310	25.0	2	0.04	1711153446.419	22.9	45.9	9.3	16.1	32.2	1.288	0.005	170.325	5.446	623.704	2024	3	23	0	24	6
365313	25.0	2	0.04	1711153510.419	9.8	19.6	9.8	6.9	13.8	0.552	0.002	170.29	9.39	623.269	2024	3	23	0	25	10
365316	25.0	4	0.081	1711153574.419	67.4	269.5	31.9	47.3	189.1	7.564	0.027	170.26	13.334	622.793	2024	3	23	0	26	14
365319	25.0	2	0.04	1711153638.419	18.9	37.8	18.9	13.2	26.5	1.06	0.004	170.238	17.279	622.259	2024	3	23	0	27	18
365325	25.0	3	0.061	1711153766.419	76.0	228.0	44.6	53.3	160.0	6.4	0.023	170.231	25.169	621.08	2024	3	23	0	29	26
365328	25.0	1	0.02	1711153830.419	13.6	13.6	13.6	9.5	9.5	0.38	0.001	170.252	29.113	620.426	2024	3	23	0	30	30
365334	25.0	3	0.061	1711153958.419	71.2	213.5	30.1	49.9	149.8	5.992	0.022	170.37	37.002	619.054	2024	3	23	0	32	38
365337	25.0	1	0.02	1711154022.419	33.4	33.4	33.4	23.4	23.4	0.936	0.003	170.482	40.945	618.334	2024	3	23	0	33	42
365340	25.0	3	0.061	1711154086.419	43.8	131.3	25.6	30.7	92.1	3.684	0.013	170.642	44.887	617.612	2024	3	23	0	34	46
365343	21.157	4	0.095	1711154150.419	57.1	228.2	33.3	40.0	160.2	7.572	0.027	170.864	48.828	616.881	2024	3	23	0	35	50
365346	25.0	1	0.02	1711154214.419	43.9	43.9	14.6	30.8	30.8	1.232	0.004	171.171	52.768	616.153	2024	3	23	0	36	54
365349	25.0	7	0.141	1711154278.419	26.7	187.2	25.9	18.8	131.4	5.256	0.019	171.592	56.704	615.434	2024	3	23	0	37	58
365352	25.0	22	0.444	1711154342.419	39.7	873.5	29.3	27.9	613.0	24.52	0.088	172.174	60.636	614.735	2024	3	23	0	39	2
365357	25.0	133	2.687	1711154470.419	39.5	5248.7	25.4	27.7	3683.6	147.344	0.53	174.178	68.477	613.394	2024	3	23	0	41	10
365360	25.0	30	0.606	1711154534.42	43.9	1317.0	26.3	30.8	924.3	36.972	0.133	175.972	72.375	612.775	2024	3	23	0	42	14
365363	25.0	9	0.182	1711154598.42	40.9	368.1	29.4	28.7	258.3	10.332	0.037	178.888	76.24	612.195	2024	3	23	0	43	18
365366	25.0	3	0.061	1711154662.421	63.4	190.1	48.5	44.5	133.4	5.336	0.019	-175.812	80.035	611.656	2024	3	23	0	44	22
365369	25.0	3	0.061	1711154726.421	104.2	312.7	44.6	73.2	219.5	8.78	0.032	-164.013	83.627	611.155	2024	3	23	0	45	26
365381	25.0	5	0.101	1711154982.419	27.5	137.6	27.5	19.3	96.6	3.864	0.014	-33.045	78.523	609.651	2024	3	23	0	49	42
365384	25.0	1	0.02	1711155046.419	20.0	20.0	20.0	14.0	14.0	0.56	0.002	-29.14	74.931	609.436	2024	3	23	0	50	46
365387	25.0	5	0.101	1711155110.419	64.4	322.2	37.7	45.2	226.1	9.044	0.033	-26.814	71.292	609.273	2024	3	23	0	51	50
365390	25.0	3	0.061	1711155174.419	23.9	71.6	13.9	16.7	50.2	2.008	0.007	-25.305	67.628	609.161	2024	3	23	0	52	54
365393	25.0	2	0.04	1711155239.519	34.9	69.8	20.3	24.5	49.0	1.96	0.007	-24.271	63.951	609.085	2024	3	23	0	53	59
365426	25.0	1	0.02	1711155942.419	31.0	31.0	15.5	21.8	21.8	0.872	0.003	-21.649	19.515	610.942	2024	3	23	1	5	42
365429	25.0	2	0.04	1711156006.419	62.5	125.1	35.3	43.9	87.8	3.512	0.013	-21.663	15.805	611.23	2024	3	23	1	6	46
365432	25.0	3	0.061	1711156070.419	76.4	229.2	38.2	53.6	160.9	6.436	0.023	-21.686	12.095	611.521	2024	3	23	1	7	50
365435	25.0	1	0.02	1711156134.419	10.3	10.3	10.3	7.2	7.2	0.288	0.001	-21.714	8.385	611.82	2024	3	23	1	8	54
365438	25.0	3	0.061	1711156198.419	18.4	55.3	14.6	12.9	38.8	1.552	0.006	-21.747	4.675	612.122	2024	3	23	1	9	58
365476	25.0	21	0.424	1711157030.42	35.4	743.9	23.6	24.9	522.1	20.884	0.075	-21.4	-47.197	616.115	2024	3	23	1	23	50
365479	25.0	56	1.131	1711157094.42	29.8	1668.2	22.8	20.9	1170.8	46.832	0.169	-21.151	-50.891	616.403	2024	3	23	1	24	54
365482	25.0	27	0.545	1711157158.42	40.1	1082.8	26.0	28.1	759.9	30.396	0.109	-20.815	-54.582	616.689	2024	3	23	1	25	58
365512	25.0	9	0.182	1711157803.22	33.6	302.2	28.1	23.6	212.1	8.484	0.031	120.609	-83.603	620.483	2024	3	23	1	36	43
365515	25.0	5	0.101	1711157862.42	61.6	308.2	39.3	43.3	216.3	8.652	0.031	131.781	-80.249	620.876	2024	3	23	1	37	42
365518	25.0	2	0.04	1711157926.419	79.5	159.0	35.1	55.8	111.6	4.464	0.016	137.037	-76.71	621.267	2024	3	23	1	38	46
365521	25.0	1	0.02	1711157990.419	35.9	35.9	35.9	25.2	25.2	1.008	0.004	139.992	-73.102	621.652	2024	3	23	1	39	50
365524	25.0	3	0.061	1711158054.419	14.4	43.3	14.4	10.1	30.4	1.216	0.004	141.841	-69.462	622.046	2024	3	23	1	40	54
365527	25.0	5	0.101	1711158118.419	57.5	287.7	37.3	40.4	201.9	8.076	0.029	143.079	-65.804	622.43	2024	3	23	1	41	58
365560	25.0	6	0.121	1711158822.42	34.0	203.8	17.4	23.8	143.0	5.72	0.021	146.167	-21.569	625.196	2024	3	23	1	53	42
365563	25.0	1	0.02	1711158886.419	145.6	145.6	48.5	102.2	102.2	4.088	0.015	146.158	-17.875	625.173	2024	3	23	1	54	46
365566	25.0	4	0.081	1711158950.42	20.0	80.1	12.2	14.0	56.2	2.248	0.008	146.139	-14.179	625.096	2024	3	23	1	55	50
365572	25.0	3	0.061	1711159078.419	28.5	85.5	26.6	20.0	60.0	2.4	0.009	146.081	-6.787	624.785	2024	3	23	1	57	58
365605	25.0	1	0.02	1711159783.42	107.3	107.3	53.6	75.3	75.3	3.012	0.011	146.023	37.584	619.042	2024	3	23	2	9	43
365608	25.0	1	0.02	1711159847.419	41.4	41.4	20.7	29.1	29.1	1.164	0.004	146.132	41.281	618.357	2024	3	23	2	10	47
365611	25.0	3	0.061	1711159911.419	27.7	83.1	27.7	19.4	58.3	2.332	0.008	146.284	44.977	617.673	2024	3	23	2	11	51
365623	25.0	13	0.263	1711160167.42	43.8	569.8	29.3	30.8	399.9	15.996	0.058	147.822	60.689	614.767	2024	3	23	2	16	7
365626	1.0	3	1.515	1711160231.42	39.6	118.7	25.8	27.8	83.3	83.3	0.3	148.645	64.615	614.077	2024	3	23	2	17	11
365629	22.754	149	3.307	1711160295.419	39.8	5933.2	26.1	27.9	4164.0	183.001	0.659	149.837	68.53	613.413	2024	3	23	2	18	15
365632	25.0	50	1.01	1711160359.42	41.2	2058.6	27.9	28.9	1444.7	57.788	0.208	151.641	72.427	612.784	2024	3	23	2	19	19
365638	25.0	2	0.04	1711160487.419	48.1	96.2	48.1	33.8	67.5	2.7	0.01	159.934	80.085	611.642	2024	3	23	2	21	27
365641	25.0	10	0.202	1711160551.42	53.1	531.1	29.4	37.3	372.7	14.908	0.054	171.847	83.673	611.139	2024	3	23	2	22	31
365644	25.0	6	0.121	1711160615.419	28.7	172.2	20.3	20.2	120.9	4.836	0.017	-153.228	86.382	610.683	2024	3	23	2	23	35
365647	23.903	5	0.106	1711160679.419	41.6	207.8	22.7	29.2	145.8	6.1	0.022	-92.943	85.824	610.281	2024	3	23	2	24	39
365653	25.0	10	0.202	1711160807.519	68.9	689.1	39.9	48.4	483.6	19.344	0.07	-57.774	78.768	609.614	2024	3	23	2	26	47
365656	25.0	6	0.121	1711160871.519	26.8	161.0	16.5	18.8	113.0	4.52	0.016	-53.71	75.18	609.39	2024	3	23	2	27	51
365659	25.0	6	0.121	1711160935.42	63.1	378.3	27.6	44.2	265.5	10.62	0.038	-51.306	71.544	609.218	2024	3	23	2	28	55
365662	25.0	5	0.101	1711160999.42	58.1	290.5	29.7	40.8	203.9	8.156	0.029	-49.755	67.881	609.089	2024	3	23	2	29	59
365695	25.0	1	0.02	1711161703.419	5.3	5.3	5.3	3.7	3.7	0.148	0.001	-46.008	23.479	610.532	2024	3	23	2	41	43
365698	25.0	5	0.101	1711161767.419	34.9	174.6	14.0	24.5	122.5	4.9	0.018	-46.01	19.77	610.81	2024	3	23	2	42	47
365761	2.294	12	2.642	1711162855.419	36.8	441.6	21.0	25.8	309.9	135.092	0.486	-45.775	-46.944	616.143	2024	3	23	3	0	55
365797	25.0	3	0.061	1711163624.419	37.7	113.1	21.3	26.5	79.4	3.176	0.011	95.032	-83.818	620.623	2024	3	23	3	13	44
365800	25.0	3	0.061	1711163688.419	28.0	83.9	19.4	19.6	58.9	2.356	0.008	106.906	-80.487	621.014	2024	3	23	3	14	48
365803	25.0	5	0.101	1711163752.419	43.9	219.6	19.4	30.8	154.1	6.164	0.022	112.406	-76.956	621.416	2024	3	23	3	15	52
365806	25.0	4	0.081	1711163816.419	36.4	145.5	19.3	25.5	102.1	4.084	0.015	115.469	-73.352	621.816	2024	3	23	3	16	56
365809	25.0	3	0.061	1711163880.419	11.4	34.2	11.4	8.0	24.0	0.96	0.003	117.374	-69.713	622.208	2024	3	23	3	18	0
365842	25.0	3	0.061	1711164584.419	21.7	65.1	16.2	15.2	45.7	1.828	0.007	121.801	-25.52	625.339	2024	3	23	3	29	44
365848	25.0	1	0.02	1711164712.419	43.1	43.1	21.6	30.2	30.2	1.208	0.004	121.798	-18.132	625.335	2024	3	23	3	31	52
365851	25.0	4	0.081	1711164776.419	54.4	217.7	35.9	38.2	152.8	6.112	0.022	121.78	-14.437	625.252	2024	3	23	3	32	56
365854	25.0	1	0.02	1711164840.419	35.2	35.2	35.2	24.7	24.7	0.988	0.004	121.754	-10.741	625.126	2024	3	23	3	34	0
365878	25.0	3	0.061	1711165305.92	34.0	102.1	26.7	23.9	71.7	2.868	0.01	121.51	18.836	622.24	2024	3	23	3	41	45
365893	25.0	2	0.04	1711165608.419	48.2	96.4	24.1	33.8	67.7	2.708	0.01	121.656	37.325	619.123	2024	3	23	3	46	48
365896	25.0	1	0.02	1711165672.419	144.4	144.4	48.1	101.3	101.3	4.052	0.015	121.763	41.022	618.434	2024	3	23	3	47	52
365899	25.0	3	0.061	1711165736.419	42.0	126.1	16.2	29.5	88.5	3.54	0.013	121.912	44.718	617.735	2024	3	23	3	48	56
365902	25.0	4	0.081	1711165800.419	55.4	221.8	27.7	38.9	155.7	6.228	0.022	122.116	48.412	617.024	2024	3	23	3	50	0
365935	25.0	8	0.162	1711166504.419	87.8	702.4	34.9	61.6	492.9	19.716	0.071	-112.026	85.492	610.133	2024	3	23	4	1	44
365938	25.0	1	0.02	1711166568.419	26.7	26.7	26.7	18.7	18.7	0.748	0.003	-90.922	82.468	609.803	2024	3	23	4	2	48
365941	25.0	6	0.121	1711166632.419	68.0	408.0	32.3	47.7	286.3	11.452	0.041	-82.534	79.014	609.529	2024	3	23	4	3	52
365944	25.0	1	0.02	1711166696.419	6.6	6.6	6.6	4.6	4.6	0.184	0.001	-78.296	75.432	609.295	2024	3	23	4	4	56
365980	25.0	4	0.081	1711167465.42	25.7	102.9	18.6	18.0	72.2	2.888	0.01	-70.386	27.446	610.197	2024	3	23	4	17	45
365983	25.0	2	0.04	1711167528.52	24.2	48.4	17.2	17.0	34.0	1.36	0.005	-70.372	23.737	610.472	2024	3	23	4	18	48
365986	25.0	4	0.081	1711167593.42	36.8	147.1	16.0	25.8	103.2	4.128	0.015	-70.372	20.027	610.767	2024	3	23	4	19	53
365989	25.0	3	0.061	1711167657.42	48.1	144.3	27.7	33.8	101.3	4.052	0.015	-70.385	16.317	611.068	2024	3	23	4	20	57
366023	0.243	4	8.314	1711168425.419	81.8	327.3	50.1	57.4	229.7	945.267	3.403	-70.606	-31.887	615.071	2024	3	23	4	33	45
366064	22.8	12	0.266	1711169385.419	24.7	296.3	19.0	17.3	207.9	9.118	0.033	34.049	-86.45	620.281	2024	3	23	4	49	45
366067	25.0	10	0.202	1711169449.419	42.2	421.9	23.2	29.6	296.1	11.844	0.043	69.333	-84.034	620.662	2024	3	23	4	50	49
366070	25.0	17	0.343	1711169513.419	41.6	707.7	30.5	29.2	496.7	19.868	0.072	81.988	-80.729	621.054	2024	3	23	4	51	53
366073	25.0	11	0.222	1711169577.419	41.7	458.8	28.5	29.3	322.0	12.88	0.046	87.754	-77.206	621.453	2024	3	23	4	52	57
366076	25.0	11	0.222	1711169640.719	46.3	509.6	29.3	32.5	357.6	14.304	0.051	90.932	-73.605	621.84	2024	3	23	4	54	0
366108	25.0	3	0.061	1711170345.419	17.8	53.6	15.2	12.5	37.6	1.504	0.005	97.415	-29.472	625.222	2024	3	23	5	5	45
366111	25.0	3	0.061	1711170409.419	36.7	110.0	28.7	25.7	77.2	3.088	0.011	97.437	-25.779	625.286	2024	3	23	5	6	49
366114	25.0	4	0.081	1711170473.419	72.8	291.2	28.8	51.1	204.4	8.176	0.029	97.442	-22.085	625.311	2024	3	23	5	7	53
366117	25.0	1	0.02	1711170537.419	77.6	77.6	77.6	54.5	54.5	2.18	0.008	97.435	-18.391	625.275	2024	3	23	5	8	57
366120	25.0	1	0.02	1711170601.419	82.9	82.9	27.6	58.2	58.2	2.328	0.008	97.418	-14.696	625.194	2024	3	23	5	10	1
366150	25.0	1	0.02	1711171242.42	17.5	17.5	17.5	12.3	12.3	0.492	0.002	97.148	25.974	621.039	2024	3	23	5	20	42
366153	25.0	5	0.101	1711171306.419	38.9	194.4	20.5	27.3	136.4	5.456	0.02	97.172	29.672	620.42	2024	3	23	5	21	46
366156	25.0	1	0.02	1711171370.419	43.6	43.6	21.8	30.6	30.6	1.224	0.004	97.22	33.543	619.742	2024	3	23	5	22	50
366159	25.0	5	0.101	1711171434.419	54.1	270.7	28.5	38.0	190.0	7.6	0.027	97.292	37.216	619.078	2024	3	23	5	23	54
366162	25.0	1	0.02	1711171498.42	33.3	33.3	16.6	23.4	23.4	0.936	0.003	97.406	41.159	618.348	2024	3	23	5	24	58
366165	25.0	3	0.061	1711171561.619	16.7	50.2	16.7	11.7	35.2	1.408	0.005	97.566	45.052	617.618	2024	3	23	5	26	1
366193	25.0	3	0.061	1711172202.419	54.6	163.7	28.4	38.3	114.9	4.596	0.017	127.064	84.3	611.025	2024	3	23	5	36	42
366196	17.232	4	0.117	1711172266.419	40.2	160.8	36.3	28.2	112.9	6.552	0.024	165.734	86.553	610.618	2024	3	23	5	37	46
366199	25.0	10	0.202	1711172330.419	53.3	533.0	30.9	37.4	374.1	14.964	0.054	-138.912	85.663	610.244	2024	3	23	5	38	50
366238	25.0	4	0.081	1711173162.419	64.3	257.2	27.2	45.1	180.5	7.22	0.026	-94.842	35.125	609.875	2024	3	23	5	52	42
366241	25.0	8	0.162	1711173226.419	43.0	344.3	25.7	30.2	241.6	9.664	0.035	-94.785	31.417	610.113	2024	3	23	5	53	46
366244	25.0	4	0.081	1711173290.419	45.6	182.5	23.0	32.0	128.1	5.124	0.018	-94.751	27.708	610.372	2024	3	23	5	54	50
366247	25.0	2	0.04	1711173354.419	38.8	77.6	19.4	27.2	54.5	2.18	0.008	-94.736	23.999	610.652	2024	3	23	5	55	54
366250	25.0	4	0.081	1711173418.419	41.6	166.6	26.8	29.2	116.9	4.676	0.017	-94.736	20.289	610.936	2024	3	23	5	56	58
366282	25.0	6	0.121	1711174122.419	51.9	311.1	39.1	36.4	218.3	8.732	0.031	-95.023	-24.215	614.583	2024	3	23	6	8	42
366285	25.0	1	0.02	1711174186.419	18.1	18.1	18.1	12.7	12.7	0.508	0.002	-95.007	-27.919	614.872	2024	3	23	6	9	46
366288	25.0	3	0.061	1711174250.419	68.4	205.3	22.8	48.0	144.1	5.764	0.021	-94.972	-31.623	615.152	2024	3	23	6	10	50
366294	25.0	5	0.101	1711174378.419	51.2	256.2	37.0	36.0	179.8	7.192	0.026	-94.826	-39.026	615.718	2024	3	23	6	12	58
366326	25.0	11	0.222	1711175083.419	38.3	421.2	25.2	26.9	295.6	11.824	0.043	-73.269	-82.78	619.492	2024	3	23	6	24	43
366329	25.0	6	0.121	1711175147.419	24.9	149.4	12.3	17.5	104.8	4.192	0.015	-50.046	-85.713	619.868	2024	3	23	6	25	47
366332	25.0	1	0.02	1711175211.419	8.5	8.5	8.5	6.0	6.0	0.24	0.001	5.593	-86.534	620.24	2024	3	23	6	26	51
366335	25.0	8	0.162	1711175275.419	41.3	330.4	33.7	29.0	231.9	9.276	0.033	43.503	-84.252	620.627	2024	3	23	6	27	55
366338	25.0	8	0.162	1711175339.419	28.3	226.6	18.2	19.9	159.0	6.36	0.023	57.028	-80.975	621.005	2024	3	23	6	28	59
366371	25.0	13	0.263	1711176043.419	47.3	614.4	26.6	33.2	431.2	17.248	0.062	72.932	-37.12	624.859	2024	3	23	6	40	43
366374	25.0	4	0.081	1711176107.419	25.3	101.3	14.8	17.8	71.1	2.844	0.01	73.003	-33.428	625.012	2024	3	23	6	41	47
366377	25.0	4	0.081	1711176171.419	22.9	91.5	18.5	16.0	64.2	2.568	0.009	73.048	-29.736	625.112	2024	3	23	6	42	51
366380	25.0	4	0.081	1711176235.419	40.7	162.7	19.3	28.6	114.2	4.568	0.016	73.072	-26.042	625.18	2024	3	23	6	43	55
366383	25.0	2	0.04	1711176299.419	39.3	78.6	15.0	27.6	55.2	2.208	0.008	73.078	-22.348	625.197	2024	3	23	6	44	59
366416	25.0	1	0.02	1711177003.42	5.9	5.9	5.9	4.1	4.1	0.164	0.001	72.778	22.014	621.555	2024	3	23	6	56	43
366422	25.0	5	0.101	1711177131.42	56.6	283.2	24.7	39.8	198.8	7.952	0.029	72.806	29.41	620.359	2024	3	23	6	58	51
366425	25.0	3	0.061	1711177195.42	66.2	198.7	35.9	46.5	139.4	5.576	0.02	72.85	33.108	619.722	2024	3	23	6	59	55
366428	25.0	2	0.04	1711177259.42	54.2	108.3	18.1	38.0	76.0	3.04	0.011	72.918	36.805	619.06	2024	3	23	7	0	59
366461	25.0	9	0.182	1711177963.419	45.8	411.9	28.2	32.1	289.1	11.564	0.042	88.355	80.777	611.516	2024	3	23	7	12	43
366464	25.0	9	0.182	1711178027.419	31.9	286.8	19.2	22.4	201.3	8.052	0.029	101.23	84.086	611.055	2024	3	23	7	13	47
366467	25.0	10	0.202	1711178091.419	44.7	447.1	26.8	31.4	313.8	12.552	0.045	137.277	86.475	610.644	2024	3	23	7	14	51
366470	19.487	11	0.285	1711178155.419	34.7	381.7	22.1	24.4	267.9	13.748	0.049	-166.01	85.827	610.283	2024	3	23	7	15	55
366473	25.0	3	0.061	1711178219.419	15.8	47.3	11.2	11.1	33.2	1.328	0.005	-141.489	82.933	609.969	2024	3	23	7	16	59
366505	25.0	20	0.404	1711178924.419	38.0	760.0	27.4	26.7	533.4	21.336	0.077	-119.299	39.094	609.709	2024	3	23	7	28	44
366508	25.0	7	0.141	1711178988.419	30.8	215.3	26.4	21.6	151.1	6.044	0.022	-119.21	35.387	609.923	2024	3	23	7	29	48
366511	25.0	2	0.04	1711179052.419	36.7	73.4	36.7	25.8	51.5	2.06	0.007	-119.151	31.68	610.159	2024	3	23	7	30	52
366514	25.0	6	0.121	1711179116.419	31.6	189.6	24.9	22.2	133.1	5.324	0.019	-119.115	27.971	610.425	2024	3	23	7	31	56
366517	25.0	4	0.081	1711179180.419	68.9	275.6	40.9	48.4	193.4	7.736	0.028	-119.099	24.262	610.702	2024	3	23	7	33	0
366553	25.0	4	0.081	1711179884.419	26.0	104.2	15.3	18.3	73.1	2.924	0.011	-119.386	-20.245	614.339	2024	3	23	7	44	44
366559	25.0	4	0.081	1711180012.42	59.3	237.3	42.2	41.6	166.5	6.66	0.024	-119.372	-27.656	614.905	2024	3	23	7	46	52
366562	25.0	1	0.02	1711180076.42	14.1	14.1	14.1	9.9	9.9	0.396	0.001	-119.339	-31.359	615.189	2024	3	23	7	47	56
366565	25.0	5	0.101	1711180140.419	83.4	417.0	41.2	58.5	292.7	11.708	0.042	-119.283	-35.062	615.464	2024	3	23	7	49	0
366598	25.0	35	0.707	1711180844.42	46.1	1612.5	28.9	32.3	1131.7	45.268	0.163	-107.084	-79.105	619.101	2024	3	23	8	0	44
366601	25.0	15	0.303	1711180908.419	39.0	584.8	20.8	27.4	410.4	16.416	0.059	-98.559	-82.545	619.461	2024	3	23	8	1	48
366604	20.873	26	0.629	1711180972.419	35.8	929.9	25.3	25.1	652.6	31.265	0.113	-77.034	-85.542	619.823	2024	3	23	8	2	52
366607	25.0	20	0.404	1711181036.42	33.5	670.3	23.2	23.5	470.4	18.816	0.068	-23.019	-86.601	620.196	2024	3	23	8	3	56
366610	23.903	18	0.38	1711181100.42	48.0	863.2	26.1	33.7	605.8	25.344	0.091	17.582	-84.466	620.565	2024	3	23	8	5	0
366643	25.0	15	0.303	1711181804.419	30.7	459.9	18.1	21.5	322.8	12.912	0.046	48.457	-41.073	624.574	2024	3	23	8	16	44
366646	25.0	10	0.202	1711181868.419	32.0	319.6	18.9	22.4	224.3	8.972	0.032	48.564	-37.382	624.769	2024	3	23	8	17	48
366649	25.0	6	0.121	1711181932.42	35.0	210.2	25.8	24.6	147.5	5.9	0.021	48.637	-33.691	624.913	2024	3	23	8	18	52
366655	25.0	2	0.04	1711182060.419	35.2	70.4	21.6	24.7	49.4	1.976	0.007	48.708	-26.305	625.091	2024	3	23	8	21	0
366688	25.0	4	0.081	1711182765.419	17.8	71.0	14.5	12.4	49.8	1.992	0.007	48.424	18.054	622.041	2024	3	23	8	32	45
366694	25.0	3	0.061	1711182893.419	71.9	215.6	47.0	50.4	151.3	6.052	0.022	48.42	25.451	620.906	2024	3	23	8	34	53
366697	25.0	1	0.02	1711182957.419	158.9	158.9	53.0	111.5	111.5	4.46	0.016	48.442	29.149	620.291	2024	3	23	8	35	57
366700	25.0	1	0.02	1711183021.419	43.6	43.6	14.5	30.6	30.6	1.224	0.004	48.483	32.847	619.652	2024	3	23	8	37	1
366733	25.0	8	0.162	1711183725.419	27.2	217.7	17.3	19.1	152.8	6.112	0.022	57.87	76.996	611.931	2024	3	23	8	48	45
366736	25.0	7	0.141	1711183789.419	37.6	263.1	21.5	26.4	184.6	7.384	0.027	63.433	80.535	611.443	2024	3	23	8	49	49
366739	25.0	9	0.182	1711183853.419	61.6	554.3	30.3	43.2	389.0	15.56	0.056	75.509	83.87	610.984	2024	3	23	8	50	53
366742	25.0	11	0.222	1711183917.419	60.3	663.0	27.9	42.3	465.3	18.612	0.067	109.045	86.38	610.576	2024	3	23	8	51	57
366745	25.0	12	0.242	1711183981.419	45.6	547.7	27.3	32.0	384.4	15.376	0.055	166.704	85.98	610.205	2024	3	23	8	53	1
366777	25.0	13	0.263	1711184685.419	26.0	337.8	20.8	18.2	237.1	9.484	0.034	-143.797	43.058	609.453	2024	3	23	9	4	45
366780	25.0	2	0.04	1711184749.419	12.7	25.3	12.7	8.9	17.8	0.712	0.003	-143.667	39.353	609.645	2024	3	23	9	5	49
366783	25.0	6	0.121	1711184813.419	51.9	311.4	24.8	36.4	218.5	8.74	0.031	-143.576	35.646	609.865	2024	3	23	9	6	53
366786	25.0	1	0.02	1711184877.419	7.7	7.7	7.7	5.4	5.4	0.216	0.001	-143.515	31.938	610.105	2024	3	23	9	7	57
366822	25.0	1	0.02	1711185645.419	5.1	5.1	5.1	3.6	3.6	0.144	0.001	-143.735	-16.281	614.03	2024	3	23	9	20	45
366825	25.0	3	0.061	1711185709.419	34.8	104.3	30.4	24.4	73.2	2.928	0.011	-143.748	-19.987	614.325	2024	3	23	9	21	49
366831	25.0	2	0.04	1711185837.419	22.5	45.0	14.2	15.8	31.6	1.264	0.005	-143.736	-27.398	614.898	2024	3	23	9	23	57
366834	25.0	3	0.061	1711185901.419	20.1	60.2	13.6	14.1	42.2	1.688	0.006	-143.705	-31.102	615.18	2024	3	23	9	25	1
366870	25.0	11	0.222	1711186670.419	33.2	364.9	21.1	23.3	256.1	10.244	0.037	-131.847	-78.86	619.092	2024	3	23	9	37	50
366873	15.437	9	0.294	1711186734.419	78.6	707.0	43.3	55.1	496.2	32.144	0.116	-123.777	-82.314	619.452	2024	3	23	9	38	54
366876	25.0	10	0.202	1711186798.419	54.1	540.6	21.7	37.9	379.4	15.176	0.055	-103.776	-85.368	619.808	2024	3	23	9	39	58
366909	25.0	14	0.283	1711187502.42	32.5	455.6	24.4	22.8	319.7	12.788	0.046	23.728	-48.707	624.075	2024	3	23	9	51	42
366912	25.0	13	0.263	1711187566.419	49.3	640.9	33.8	34.6	449.8	17.992	0.065	23.936	-45.02	624.332	2024	3	23	9	52	46
366915	25.0	11	0.222	1711187630.42	32.2	354.7	21.6	22.6	248.9	9.956	0.036	24.089	-41.33	624.557	2024	3	23	9	53	50
366918	25.0	17	0.343	1711187694.42	42.8	727.4	33.5	30.0	510.5	20.42	0.074	24.198	-37.64	624.75	2024	3	23	9	54	54
366921	25.0	13	0.263	1711187758.42	22.6	293.6	16.7	15.9	206.1	8.244	0.03	24.273	-33.949	624.907	2024	3	23	9	55	58
366954	25.0	7	0.141	1711188462.419	39.2	274.7	16.4	27.5	192.8	7.712	0.028	24.108	10.4	623.036	2024	3	23	10	7	42
366957	25.0	3	0.061	1711188526.419	33.7	101.1	33.7	23.7	71.0	2.84	0.01	24.082	14.098	622.566	2024	3	23	10	8	46
366960	25.0	1	0.02	1711188590.42	93.4	93.4	46.7	65.5	65.5	2.62	0.009	24.063	17.796	622.048	2024	3	23	10	9	50
366963	25.0	1	0.02	1711188654.419	7.6	7.6	7.6	5.3	5.3	0.212	0.001	24.054	21.494	621.502	2024	3	23	10	10	54
366966	25.0	3	0.061	1711188718.419	83.9	251.7	37.6	58.9	176.6	7.064	0.025	24.057	25.193	620.912	2024	3	23	10	11	58
366999	4.48	4	0.451	1711189422.419	52.7	210.8	37.3	37.0	147.9	33.013	0.119	28.394	69.48	613.004	2024	3	23	10	23	42
367002	11.392	4	0.177	1711189486.419	46.3	185.2	25.0	32.5	130.0	11.412	0.041	30.254	73.13	612.437	2024	3	23	10	24	46
367005	11.951	6	0.254	1711189550.42	37.2	223.1	22.1	26.1	156.6	13.104	0.047	33.231	76.746	611.895	2024	3	23	10	25	50
367008	17.82	3	0.085	1711189614.419	59.4	178.0	22.6	41.6	124.9	7.009	0.025	38.543	80.294	611.395	2024	3	23	10	26	54
367011	19.461	10	0.26	1711189678.419	41.8	418.2	21.3	29.4	293.5	15.081	0.054	49.889	83.652	610.929	2024	3	23	10	27	58
367044	25.0	2	0.04	1711190383.419	32.3	64.6	20.4	22.6	45.3	1.812	0.007	-168.597	50.721	609.061	2024	3	23	10	39	43
367047	25.0	10	0.202	1711190447.419	40.1	401.2	20.6	28.2	281.6	11.264	0.041	-168.35	47.019	609.189	2024	3	23	10	40	47
367050	25.0	2	0.04	1711190511.42	11.0	22.0	7.4	7.7	15.4	0.616	0.002	-168.168	43.315	609.351	2024	3	23	10	41	51
367053	25.0	7	0.141	1711190575.42	30.1	210.6	22.4	21.1	147.8	5.912	0.021	-168.035	39.609	609.544	2024	3	23	10	42	55
367056	25.0	3	0.061	1711190639.419	68.2	204.7	36.8	47.9	143.7	5.748	0.021	-167.942	35.902	609.762	2024	3	23	10	43	59
367089	25.0	2	0.04	1711191343.42	72.2	144.3	39.2	50.6	101.3	4.052	0.015	-168.045	-8.61	613.355	2024	3	23	10	55	43
367095	25.0	3	0.061	1711191471.419	46.4	139.2	18.5	32.6	97.7	3.908	0.014	-168.096	-16.026	613.962	2024	3	23	10	57	51
367098	25.0	2	0.04	1711191535.42	40.5	80.9	20.2	28.4	56.8	2.272	0.008	-168.109	-19.732	614.267	2024	3	23	10	58	55
367101	25.0	2	0.04	1711191599.42	30.7	61.4	17.9	21.6	43.1	1.724	0.006	-168.111	-23.438	614.56	2024	3	23	10	59	59
367143	6.364	2	0.159	1711192495.419	32.8	65.5	17.7	23.0	46.0	7.228	0.026	-156.582	-78.617	619.093	2024	3	23	11	14	55
367179	25.0	7	0.141	1711193263.419	36.8	257.6	28.5	25.8	180.8	7.232	0.026	-0.934	-52.646	623.829	2024	3	23	11	27	43
367182	25.0	13	0.263	1711193327.419	26.3	341.8	17.3	18.5	239.9	9.596	0.035	-0.648	-48.961	624.119	2024	3	23	11	28	47
367185	25.0	25	0.505	1711193391.419	32.0	799.7	21.9	22.4	561.2	22.448	0.081	-0.436	-45.274	624.38	2024	3	23	11	29	51
367188	25.0	13	0.263	1711193455.419	38.5	500.4	20.4	27.0	351.2	14.048	0.051	-0.28	-41.585	624.611	2024	3	23	11	30	55
367224	25.0	2	0.04	1711194224.419	49.2	98.4	38.2	34.6	69.1	2.764	0.01	-0.219	6.446	623.544	2024	3	23	11	43	44
367227	25.0	1	0.02	1711194288.419	39.4	39.4	19.7	27.7	27.7	1.108	0.004	-0.251	10.144	623.112	2024	3	23	11	44	48
367232	25.0	2	0.04	1711194416.419	46.6	93.1	31.6	32.6	65.3	2.612	0.009	-0.297	17.54	622.118	2024	3	23	11	46	56
367235	25.0	2	0.04	1711194480.419	28.4	56.8	15.7	20.0	39.9	1.596	0.006	-0.307	21.238	621.567	2024	3	23	11	48	0
367268	22.105	1	0.023	1711195184.419	12.4	12.4	12.4	8.7	8.7	0.394	0.001	2.718	65.559	613.612	2024	3	23	11	59	44
367274	9.03	6	0.336	1711195312.419	30.4	182.6	18.5	21.3	128.1	14.186	0.051	5.734	72.878	612.413	2024	3	23	12	1	52
367277	14.51	2	0.07	1711195376.419	29.3	58.6	13.8	20.6	41.1	2.833	0.01	8.607	76.498	611.865	2024	3	23	12	2	56
367280	8.378	5	0.301	1711195440.419	43.3	216.7	21.7	30.4	152.1	18.155	0.065	13.686	80.052	611.349	2024	3	23	12	4	0
367315	25.0	6	0.121	1711196208.419	35.1	210.4	21.8	24.6	147.7	5.908	0.021	167.023	50.975	608.917	2024	3	23	12	16	48
367318	25.0	5	0.101	1711196272.419	56.7	283.3	24.3	39.8	198.8	7.952	0.029	167.275	47.273	609.039	2024	3	23	12	17	52
367321	25.0	3	0.061	1711196336.419	33.4	100.2	18.1	23.4	70.3	2.812	0.01	167.461	43.569	609.201	2024	3	23	12	18	56
367324	25.0	9	0.182	1711196400.419	45.7	411.2	26.0	32.1	288.6	11.544	0.042	167.597	39.863	609.387	2024	3	23	12	20	0
367360	25.0	3	0.061	1711197168.419	42.1	126.4	18.3	29.6	88.7	3.548	0.013	167.596	-8.357	613.248	2024	3	23	12	32	48
367363	25.0	2	0.04	1711197232.42	33.6	67.2	24.4	23.6	47.2	1.888	0.007	167.567	-12.066	613.567	2024	3	23	12	33	52
367366	25.0	2	0.04	1711197296.42	49.9	99.8	33.0	35.0	70.0	2.8	0.01	167.544	-15.773	613.88	2024	3	23	12	34	56
367369	25.0	2	0.04	1711197360.42	8.2	16.4	8.2	5.8	11.5	0.46	0.002	167.53	-19.48	614.184	2024	3	23	12	36	0
367402	15.227	6	0.199	1711198065.42	26.1	156.7	17.2	18.3	110.0	7.224	0.026	170.119	-63.836	617.747	2024	3	23	12	47	45
367408	15.288	13	0.429	1711198193.419	36.9	479.7	25.4	25.9	336.7	22.024	0.079	172.621	-71.16	618.404	2024	3	23	12	49	53
367411	13.482	8	0.3	1711198257.419	43.1	345.0	24.3	30.3	242.1	17.957	0.065	174.9	-74.791	618.757	2024	3	23	12	50	57
367414	6.008	4	0.336	1711198321.42	23.0	92.0	13.6	16.2	64.6	10.752	0.039	178.704	-78.376	619.102	2024	3	23	12	52	1
367447	25.0	20	0.404	1711199025.42	42.8	856.3	27.0	30.0	601.0	24.04	0.087	-25.711	-56.58	623.575	2024	3	23	13	3	45
367450	25.0	30	0.606	1711199089.419	42.3	1269.2	26.1	29.7	890.7	35.628	0.128	-25.318	-52.898	623.888	2024	3	23	13	4	49
367453	25.0	54	1.091	1711199153.419	39.6	2138.7	25.5	27.8	1501.0	60.04	0.216	-25.025	-49.213	624.181	2024	3	23	13	5	53
367459	3.03	13	2.167	1711199281.419	38.9	505.2	28.0	27.3	354.6	117.03	0.421	-24.65	-41.837	624.671	2024	3	23	13	8	1
367495	25.0	3	0.061	1711199985.419	51.9	155.6	51.9	36.4	109.2	4.368	0.016	-24.542	2.494	624.01	2024	3	23	13	19	45
367498	25.0	2	0.04	1711200049.419	11.3	22.5	11.3	7.9	15.8	0.632	0.002	-24.578	6.192	623.625	2024	3	23	13	20	49
367501	25.0	4	0.081	1711200113.42	18.4	73.8	18.4	13.0	51.8	2.072	0.007	-24.61	9.89	623.2	2024	3	23	13	21	53
367504	25.0	2	0.04	1711200177.419	11.3	22.6	7.5	8.0	15.9	0.636	0.002	-24.637	13.588	622.721	2024	3	23	13	22	57
367507	25.0	3	0.061	1711200241.419	37.4	112.2	24.7	26.2	78.7	3.148	0.011	-24.657	17.286	622.208	2024	3	23	13	24	1
367539	20.0	2	0.051	1711200945.419	63.4	126.7	24.8	44.4	88.9	4.445	0.016	-22.541	61.627	614.277	2024	3	23	13	35	45
367542	12.123	2	0.083	1711201009.419	29.7	59.3	16.2	20.8	41.6	3.431	0.012	-21.711	65.306	613.627	2024	3	23	13	36	49
367545	5.613	3	0.27	1711201073.419	82.6	247.8	35.5	58.0	173.9	30.982	0.112	-20.53	68.975	613.01	2024	3	23	13	37	53
367548	4.862	5	0.519	1711201137.419	74.9	374.3	34.0	52.5	262.7	54.031	0.195	-18.777	72.628	612.416	2024	3	23	13	38	57
367551	6.107	3	0.248	1711201201.419	50.6	151.8	26.7	35.5	106.5	17.439	0.063	-16.002	76.251	611.852	2024	3	23	13	40	1
367779	4.035	19	2.378	1711230146.42	31.3	594.1	22.2	21.9	416.9	103.321	0.372	-143.286	66.134	613.442	2024	3	23	21	42	26
367782	5.707	8	0.708	1711230210.421	53.8	430.4	25.1	37.8	302.1	52.935	0.191	-141.896	70.044	612.787	2024	3	23	21	43	30
367785	6.68	5	0.378	1711230274.421	23.8	119.1	16.6	16.7	83.6	12.515	0.045	-139.736	73.932	612.163	2024	3	23	21	44	34
367788	6.771	10	0.746	1711230338.421	50.5	505.3	25.6	35.5	354.6	52.37	0.189	-136.088	77.776	611.575	2024	3	23	21	45	38
367794	2.975	5	0.849	1711230466.42	45.5	227.7	35.3	32.0	159.8	53.714	0.193	-111.417	84.916	610.547	2024	3	23	21	47	46
