Frame#	acq_t_s	NumEvent	Flux	UnixT	E_mean	SumE	Epx_mean	Dose_clu_pGy	Dose_pGy	DR_pGy_s	DR_uGy_h	Long	Lat	Alt	Year	Month	Day	Hour	Min	Sec
[#]	[s]	[#]	[#/cm2/s]	[s]	[keV]	[keV]	[keV/px]	[pGy/clu]	[pGy/f]	[pGy/s]	[uGy/h]	[deg]	[deg]	[km]	[YYYY]	[MM]	[DD]	[hh]	[mm]	[ss]
365080	25.0	3	0.061	1711148517.42	1058.6	3175.6	42.0	742.9	2228.7	89.148	0.321	-163.471	60.583	614.697	2024	3	22	23	1	57
365083	16.456	2	0.061	1711148581.419	1171.9	2343.8	44.3	822.4	1644.9	99.957	0.36	-162.656	64.509	614.021	2024	3	22	23	3	1
365089	25.0	4	0.081	1711148709.419	8607.7	34430.8	40.2	6040.9	24163.7	966.548	3.48	-159.693	72.323	612.75	2024	3	22	23	5	9
365092	25.0	3	0.061	1711148773.419	1599.3	4798.0	49.0	1122.4	3367.3	134.692	0.485	-156.8	76.189	612.175	2024	3	22	23	6	13
365095	25.0	1	0.02	1711148837.419	9349.8	9349.8	82.7	6561.7	6561.7	262.468	0.945	-151.53	79.984	611.636	2024	3	22	23	7	17
365098	25.0	3	0.061	1711148901.419	2564.1	7692.4	40.0	1799.5	5398.6	215.944	0.777	-139.937	83.582	611.144	2024	3	22	23	8	21
365101	25.0	1	0.02	1711148965.419	5324.4	5324.4	83.2	3736.7	3736.7	149.468	0.538	-105.963	86.334	610.703	2024	3	22	23	9	25
365104	25.0	3	0.061	1711149029.419	1448.5	4345.6	59.5	1016.6	3049.8	121.992	0.439	-45.446	85.885	610.313	2024	3	22	23	10	29
365107	25.0	1	0.02	1711149093.419	635.5	635.5	70.6	446.0	446.0	17.84	0.064	-19.15	82.806	609.976	2024	3	22	23	11	33
365116	25.0	2	0.04	1711149285.419	6521.5	13043.0	87.6	4576.8	9153.7	366.148	1.318	-2.532	71.44	609.291	2024	3	22	23	14	45
365119	25.0	1	0.02	1711149349.419	2732.5	2732.5	58.1	1917.7	1917.7	76.708	0.276	-0.914	67.533	609.168	2024	3	22	23	15	49
365122	25.0	1	0.02	1711149413.419	3976.9	3976.9	63.1	2791.0	2791.0	111.64	0.402	0.168	63.609	609.098	2024	3	22	23	16	53
365128	25.0	2	0.04	1711149541.419	2094.6	4189.3	48.4	1470.0	2940.1	117.604	0.423	1.461	55.735	609.113	2024	3	22	23	19	1
365131	25.0	3	0.061	1711149605.519	1206.9	3620.6	68.1	847.0	2541.0	101.64	0.366	1.852	51.784	609.192	2024	3	22	23	20	5
365140	25.0	1	0.02	1711149797.42	1865.0	1865.0	66.6	1308.9	1308.9	52.356	0.188	2.49	39.94	609.648	2024	3	22	23	23	17
365149	25.0	1	0.02	1711149989.419	4378.5	4378.5	82.6	3072.9	3072.9	122.916	0.442	2.697	28.075	610.379	2024	3	22	23	26	29
365161	25.0	1	0.02	1711150245.42	702.7	702.7	27.0	493.2	493.2	19.728	0.071	2.677	12.247	611.603	2024	3	22	23	30	45
365173	25.0	1	0.02	1711150501.42	2818.5	2818.5	78.3	1978.0	1978.0	79.12	0.285	2.535	-3.581	612.898	2024	3	22	23	35	1
365176	25.0	1	0.02	1711150565.42	592.0	592.0	59.2	415.5	415.5	16.62	0.06	2.499	-7.537	613.218	2024	3	22	23	36	5
365182	25.0	2	0.04	1711150693.42	7463.1	14926.1	53.7	5237.6	10475.2	419.008	1.508	2.442	-15.448	613.843	2024	3	22	23	38	13
365185	25.0	6	0.121	1711150757.42	2422.0	14531.9	52.2	1699.8	10198.6	407.944	1.469	2.427	-19.402	614.145	2024	3	22	23	39	17
365197	2.569	37	7.274	1711151013.42	2764.5	102287.4	67.1	1940.2	71785.9	27943.13	100.595	2.53	-35.207	615.326	2024	3	22	23	43	33
365200	6.745	31	2.321	1711151077.42	3080.9	95508.7	73.7	2162.2	67028.5	9937.509	35.775	2.624	-39.155	615.619	2024	3	22	23	44	37
365203	20.014	13	0.328	1711151141.42	3101.5	40319.0	71.3	2176.6	28296.1	1413.815	5.09	2.76	-43.101	615.908	2024	3	22	23	45	41
365206	25.0	1	0.02	1711151205.419	2429.7	2429.7	54.0	1705.2	1705.2	68.208	0.246	2.953	-47.044	616.2	2024	3	22	23	46	45
365209	25.0	2	0.04	1711151269.42	4510.8	9021.6	54.4	3165.7	6331.4	253.256	0.912	3.218	-50.985	616.501	2024	3	22	23	47	49
365220	22.425	1	0.023	1711151526.42	2408.7	2408.7	39.5	1690.4	1690.4	75.38	0.271	5.798	-66.758	617.783	2024	3	22	23	52	6
365232	25.0	4	0.081	1711151782.419	1702.0	6808.0	51.9	1194.5	4777.9	191.116	0.688	21.559	-82.067	619.229	2024	3	22	23	56	22
365244	25.0	1	0.02	1711152038.419	2223.4	2223.4	51.7	1560.4	1560.4	62.416	0.225	154.911	-80.796	620.821	2024	3	23	0	0	38
365247	25.0	1	0.02	1711152102.419	5626.6	5626.6	79.2	3948.8	3948.8	157.952	0.569	161.041	-77.038	621.234	2024	3	23	0	1	42
365253	25.0	3	0.061	1711152230.419	1409.6	4228.9	56.8	989.3	2967.9	118.716	0.427	166.264	-69.31	622.051	2024	3	23	0	3	50
365256	24.684	1	0.02	1711152294.419	1143.1	1143.1	76.2	802.2	802.2	32.499	0.117	167.549	-65.407	622.45	2024	3	23	0	4	54
365259	25.0	1	0.02	1711152358.419	1875.8	1875.8	69.5	1316.4	1316.4	52.656	0.19	168.431	-61.492	622.839	2024	3	23	0	5	58
365262	25.0	2	0.04	1711152422.419	2652.7	5305.5	63.8	1861.7	3723.4	148.936	0.536	169.056	-57.571	623.214	2024	3	23	0	7	2
365265	25.0	1	0.02	1711152486.419	9875.7	9875.7	74.8	6930.8	6930.8	277.232	0.998	169.506	-53.644	623.568	2024	3	23	0	8	6
365268	25.0	3	0.061	1711152550.419	770.2	2310.6	58.9	540.5	1621.6	64.864	0.234	169.834	-49.714	623.894	2024	3	23	0	9	10
365271	25.0	1	0.02	1711152614.419	11849.0	11849.0	38.7	8315.7	8315.7	332.628	1.197	170.073	-45.781	624.19	2024	3	23	0	10	14
365274	25.0	3	0.061	1711152678.419	1657.5	4972.5	53.1	1163.2	3489.7	139.588	0.503	170.245	-41.846	624.454	2024	3	23	0	11	18
365277	25.0	1	0.02	1711152742.419	2947.1	2947.1	39.8	2068.3	2068.3	82.732	0.298	170.365	-37.91	624.676	2024	3	23	0	12	22
365286	25.0	1	0.02	1711152934.419	2633.9	2633.9	97.6	1848.5	1848.5	73.94	0.266	170.523	-26.094	625.076	2024	3	23	0	15	34
365289	25.0	1	0.02	1711152998.419	339.4	339.4	33.9	238.2	238.2	9.528	0.034	170.53	-22.153	625.11	2024	3	23	0	16	38
365298	25.0	1	0.02	1711153190.419	999.3	999.3	58.8	701.3	701.3	28.052	0.101	170.474	-10.328	624.856	2024	3	23	0	19	50
365319	25.0	1	0.02	1711153638.419	354.4	354.4	59.1	248.7	248.7	9.948	0.036	170.238	17.279	622.259	2024	3	23	0	27	18
365322	25.0	1	0.02	1711153702.419	578.3	578.3	26.3	405.9	405.9	16.236	0.058	170.227	21.224	621.696	2024	3	23	0	28	22
365334	25.0	1	0.02	1711153958.419	2189.0	2189.0	59.2	1536.3	1536.3	61.452	0.221	170.37	37.002	619.054	2024	3	23	0	32	38
365340	25.0	1	0.02	1711154086.419	1440.1	1440.1	80.0	1010.7	1010.7	40.428	0.146	170.642	44.887	617.612	2024	3	23	0	34	46
365346	25.0	1	0.02	1711154214.419	4575.8	4575.8	44.9	3211.3	3211.3	128.452	0.462	171.171	52.768	616.153	2024	3	23	0	36	54
365349	25.0	1	0.02	1711154278.419	594.6	594.6	66.1	417.3	417.3	16.692	0.06	171.592	56.704	615.434	2024	3	23	0	37	58
365357	25.0	1	0.02	1711154470.419	2918.6	2918.6	51.2	2048.3	2048.3	81.932	0.295	174.178	68.477	613.394	2024	3	23	0	41	10
365360	25.0	1	0.02	1711154534.42	2095.9	2095.9	56.6	1470.9	1470.9	58.836	0.212	175.972	72.375	612.775	2024	3	23	0	42	14
365363	25.0	2	0.04	1711154598.42	1075.1	2150.2	52.4	754.5	1509.0	60.36	0.217	178.888	76.24	612.195	2024	3	23	0	43	18
365369	25.0	1	0.02	1711154726.421	278.8	278.8	46.5	195.7	195.7	7.828	0.028	-164.013	83.627	611.155	2024	3	23	0	45	26
365384	25.0	1	0.02	1711155046.419	2198.4	2198.4	64.7	1542.8	1542.8	61.712	0.222	-29.14	74.931	609.436	2024	3	23	0	50	46
365387	25.0	1	0.02	1711155110.419	2024.0	2024.0	43.1	1420.5	1420.5	56.82	0.205	-26.814	71.292	609.273	2024	3	23	0	51	50
365390	25.0	1	0.02	1711155174.419	616.3	616.3	56.0	432.5	432.5	17.3	0.062	-25.305	67.628	609.161	2024	3	23	0	52	54
365393	25.0	1	0.02	1711155239.519	733.5	733.5	81.5	514.8	514.8	20.592	0.074	-24.271	63.951	609.085	2024	3	23	0	53	59
365426	25.0	1	0.02	1711155942.419	4246.4	4246.4	34.2	2980.1	2980.1	119.204	0.429	-21.649	19.515	610.942	2024	3	23	1	5	42
365429	25.0	1	0.02	1711156006.419	408.8	408.8	45.4	286.9	286.9	11.476	0.041	-21.663	15.805	611.23	2024	3	23	1	6	46
365435	25.0	1	0.02	1711156134.419	763.2	763.2	69.4	535.6	535.6	21.424	0.077	-21.714	8.385	611.82	2024	3	23	1	8	54
365438	25.0	1	0.02	1711156198.419	1360.8	1360.8	68.0	955.0	955.0	38.2	0.138	-21.747	4.675	612.122	2024	3	23	1	9	58
365476	25.0	14	0.283	1711157030.42	2090.5	29267.2	67.7	1467.1	20539.9	821.596	2.958	-21.4	-47.197	616.115	2024	3	23	1	23	50
365479	25.0	4	0.081	1711157094.42	1827.0	7307.9	66.4	1282.2	5128.7	205.148	0.739	-21.151	-50.891	616.403	2024	3	23	1	24	54
365482	25.0	3	0.061	1711157158.42	2717.0	8151.1	57.1	1906.8	5720.5	228.82	0.824	-20.815	-54.582	616.689	2024	3	23	1	25	58
365512	25.0	1	0.02	1711157803.22	585.8	585.8	53.3	411.1	411.1	16.444	0.059	120.609	-83.603	620.483	2024	3	23	1	36	43
365515	25.0	3	0.061	1711157862.42	804.2	2412.5	62.0	564.4	1693.1	67.724	0.244	131.781	-80.249	620.876	2024	3	23	1	37	42
365521	25.0	4	0.081	1711157990.419	3226.6	12906.3	57.0	2264.4	9057.7	362.308	1.304	139.992	-73.102	621.652	2024	3	23	1	39	50
365524	25.0	2	0.04	1711158054.419	6102.8	12205.5	59.1	4283.0	8565.9	342.636	1.233	141.841	-69.462	622.046	2024	3	23	1	40	54
365527	25.0	1	0.02	1711158118.419	1331.7	1331.7	66.6	934.6	934.6	37.384	0.135	143.079	-65.804	622.43	2024	3	23	1	41	58
365560	25.0	1	0.02	1711158822.42	5012.6	5012.6	42.1	3517.9	3517.9	140.716	0.507	146.167	-21.569	625.196	2024	3	23	1	53	42
365572	25.0	1	0.02	1711159078.419	427.1	427.1	53.4	299.7	299.7	11.988	0.043	146.081	-6.787	624.785	2024	3	23	1	57	58
365608	25.0	1	0.02	1711159847.419	1281.6	1281.6	67.5	899.4	899.4	35.976	0.13	146.132	41.281	618.357	2024	3	23	2	10	47
365611	25.0	1	0.02	1711159911.419	691.9	691.9	57.7	485.6	485.6	19.424	0.07	146.284	44.977	617.673	2024	3	23	2	11	51
365614	25.0	1	0.02	1711159975.419	19901.2	19901.2	68.6	13966.8	13966.8	558.672	2.011	146.492	48.672	616.981	2024	3	23	2	12	55
365617	25.0	1	0.02	1711160039.42	9320.8	9320.8	83.2	6541.4	6541.4	261.656	0.942	146.773	52.364	616.286	2024	3	23	2	13	59
365623	25.0	1	0.02	1711160167.42	11019.3	11019.3	34.8	7733.4	7733.4	309.336	1.114	147.822	60.689	614.767	2024	3	23	2	16	7
365629	22.754	3	0.067	1711160295.419	7962.9	23888.7	65.6	5588.4	16765.2	736.802	2.652	149.837	68.53	613.413	2024	3	23	2	18	15
365632	25.0	2	0.04	1711160359.42	956.6	1913.2	54.6	671.4	1342.7	53.708	0.193	151.641	72.427	612.784	2024	3	23	2	19	19
365638	25.0	1	0.02	1711160487.419	1931.4	1931.4	71.5	1355.5	1355.5	54.22	0.195	159.934	80.085	611.642	2024	3	23	2	21	27
365641	25.0	4	0.081	1711160551.42	2518.5	10073.9	54.0	1767.5	7069.9	282.796	1.018	171.847	83.673	611.139	2024	3	23	2	22	31
365644	25.0	6	0.121	1711160615.419	1539.7	9237.9	65.2	1080.5	6483.2	259.328	0.934	-153.228	86.382	610.683	2024	3	23	2	23	35
365647	23.903	1	0.021	1711160679.419	5472.6	5472.6	35.5	3840.7	3840.7	160.679	0.578	-92.943	85.824	610.281	2024	3	23	2	24	39
365650	6.253	1	0.081	1711160743.419	837.0	837.0	76.1	587.4	587.4	93.939	0.338	-65.714	82.236	609.887	2024	3	23	2	25	43
365653	25.0	5	0.101	1711160807.519	1027.6	5138.0	59.8	721.2	3605.9	144.236	0.519	-57.774	78.768	609.614	2024	3	23	2	26	47
365656	25.0	2	0.04	1711160871.519	2604.1	5208.2	60.6	1827.6	3655.1	146.204	0.526	-53.71	75.18	609.39	2024	3	23	2	27	51
365659	25.0	3	0.061	1711160935.42	2469.9	7409.6	48.9	1733.4	5200.1	208.004	0.749	-51.306	71.544	609.218	2024	3	23	2	28	55
365662	25.0	1	0.02	1711160999.42	773.7	773.7	27.6	543.0	543.0	21.72	0.078	-49.755	67.881	609.089	2024	3	23	2	29	59
365698	25.0	2	0.04	1711161767.419	9721.4	19442.8	72.8	6822.6	13645.1	545.804	1.965	-46.01	19.77	610.81	2024	3	23	2	42	47
365704	25.0	1	0.02	1711161895.42	1487.2	1487.2	92.9	1043.7	1043.7	41.748	0.15	-46.045	12.349	611.401	2024	3	23	2	44	55
365761	2.294	24	5.284	1711162855.419	4233.1	101595.0	71.6	2970.8	71299.9	31081.037	111.892	-45.775	-46.944	616.143	2024	3	23	3	0	55
365797	25.0	5	0.101	1711163624.419	3861.7	19308.4	57.6	2710.1	13550.7	542.028	1.951	95.032	-83.818	620.623	2024	3	23	3	13	44
365800	25.0	4	0.081	1711163688.419	3372.4	13489.7	65.2	2366.8	9467.1	378.684	1.363	106.906	-80.487	621.014	2024	3	23	3	14	48
365803	25.0	1	0.02	1711163752.419	375.0	375.0	53.6	263.2	263.2	10.528	0.038	112.406	-76.956	621.416	2024	3	23	3	15	52
365806	25.0	5	0.101	1711163816.419	2086.9	10434.4	60.0	1464.6	7322.9	292.916	1.054	115.469	-73.352	621.816	2024	3	23	3	16	56
365809	25.0	3	0.061	1711163880.419	1154.7	3464.1	59.4	810.4	2431.1	97.244	0.35	117.374	-69.713	622.208	2024	3	23	3	18	0
365842	25.0	1	0.02	1711164584.419	402.7	402.7	57.5	282.6	282.6	11.304	0.041	121.801	-25.52	625.339	2024	3	23	3	29	44
365848	25.0	1	0.02	1711164712.419	3471.7	3471.7	77.1	2436.5	2436.5	97.46	0.351	121.798	-18.132	625.335	2024	3	23	3	31	52
365896	25.0	1	0.02	1711165672.419	2274.7	2274.7	63.2	1596.4	1596.4	63.856	0.23	121.763	41.022	618.434	2024	3	23	3	47	52
365899	25.0	2	0.04	1711165736.419	3888.7	7777.4	62.0	2729.1	5458.2	218.328	0.786	121.912	44.718	617.735	2024	3	23	3	48	56
365935	25.0	8	0.162	1711166504.419	1831.5	14652.0	70.4	1285.4	10282.9	411.316	1.481	-112.026	85.492	610.133	2024	3	23	4	1	44
365938	25.0	2	0.04	1711166568.419	2244.6	4489.1	66.6	1575.2	3150.5	126.02	0.454	-90.922	82.468	609.803	2024	3	23	4	2	48
365941	25.0	7	0.141	1711166632.419	1746.7	12227.2	54.9	1225.9	8581.1	343.244	1.236	-82.534	79.014	609.529	2024	3	23	4	3	52
365944	25.0	11	0.222	1711166696.419	1485.8	16343.7	54.4	1042.7	11470.1	458.804	1.652	-78.296	75.432	609.295	2024	3	23	4	4	56
365980	25.0	1	0.02	1711167465.42	2095.8	2095.8	42.8	1470.8	1470.8	58.832	0.212	-70.386	27.446	610.197	2024	3	23	4	17	45
366023	0.243	13	27.019	1711168425.419	6966.0	90558.6	60.1	4888.8	63554.5	261541.152	941.548	-70.606	-31.887	615.071	2024	3	23	4	33	45
366064	22.8	12	0.266	1711169385.419	3156.7	37880.2	71.2	2215.4	26584.5	1165.987	4.198	34.049	-86.45	620.281	2024	3	23	4	49	45
366067	25.0	11	0.222	1711169449.419	1878.7	20665.4	70.2	1318.5	14503.1	580.124	2.088	69.333	-84.034	620.662	2024	3	23	4	50	49
366070	25.0	12	0.242	1711169513.419	4506.5	54077.5	69.3	3162.7	37951.9	1518.076	5.465	81.988	-80.729	621.054	2024	3	23	4	51	53
366073	25.0	10	0.202	1711169577.419	2602.7	26026.8	67.1	1826.6	18265.8	730.632	2.63	87.754	-77.206	621.453	2024	3	23	4	52	57
366076	25.0	12	0.242	1711169640.719	2195.6	26346.8	55.0	1540.9	18490.3	739.612	2.663	90.932	-73.605	621.84	2024	3	23	4	54	0
366108	25.0	1	0.02	1711170345.419	3235.0	3235.0	53.9	2270.3	2270.3	90.812	0.327	97.414	-29.472	625.222	2024	3	23	5	5	45
366117	25.0	1	0.02	1711170537.419	400.2	400.2	33.3	280.9	280.9	11.236	0.04	97.435	-18.391	625.275	2024	3	23	5	8	57
366159	25.0	1	0.02	1711171434.419	777.6	777.6	64.8	545.7	545.7	21.828	0.079	97.292	37.216	619.078	2024	3	23	5	23	54
366162	25.0	1	0.02	1711171498.42	1903.9	1903.9	54.4	1336.2	1336.2	53.448	0.192	97.406	41.159	618.348	2024	3	23	5	24	58
366193	25.0	3	0.061	1711172202.419	2229.5	6688.5	71.4	1564.7	4694.0	187.76	0.676	127.064	84.3	611.025	2024	3	23	5	36	42
366196	17.232	6	0.176	1711172266.419	1484.8	8909.1	67.6	1042.1	6252.5	362.842	1.306	165.734	86.553	610.618	2024	3	23	5	37	46
366199	25.0	9	0.182	1711172330.419	2299.4	20694.4	58.7	1613.7	14523.4	580.936	2.091	-138.912	85.663	610.244	2024	3	23	5	38	50
366238	25.0	3	0.061	1711173162.419	1671.0	5013.1	48.3	1172.7	3518.2	140.728	0.507	-94.842	35.125	609.875	2024	3	23	5	52	42
366241	25.0	2	0.04	1711173226.419	565.9	1131.7	48.4	397.1	794.2	31.768	0.114	-94.785	31.417	610.113	2024	3	23	5	53	46
366282	25.0	1	0.02	1711174122.419	661.5	661.5	55.1	464.2	464.2	18.568	0.067	-95.023	-24.215	614.583	2024	3	23	6	8	42
366288	25.0	2	0.04	1711174250.419	3466.8	6933.7	59.1	2433.0	4866.1	194.644	0.701	-94.972	-31.623	615.152	2024	3	23	6	10	50
366326	25.0	7	0.141	1711175083.419	1922.4	13457.0	57.3	1349.2	9444.2	377.768	1.36	-73.269	-82.78	619.492	2024	3	23	6	24	43
366329	25.0	8	0.162	1711175147.419	2217.1	17736.7	60.3	1556.0	12447.7	497.908	1.792	-50.046	-85.713	619.868	2024	3	23	6	25	47
366332	25.0	7	0.141	1711175211.419	3099.6	21697.5	75.8	2175.3	15227.4	609.096	2.193	5.593	-86.534	620.24	2024	3	23	6	26	51
366335	25.0	15	0.303	1711175275.419	2006.9	30103.0	67.0	1408.4	21126.5	845.06	3.042	43.503	-84.252	620.627	2024	3	23	6	27	55
366338	25.0	11	0.222	1711175339.419	3210.5	35315.9	62.1	2253.2	24784.9	991.396	3.569	57.028	-80.975	621.005	2024	3	23	6	28	59
366371	25.0	3	0.061	1711176043.419	4062.5	12187.4	60.3	2851.1	8553.2	342.128	1.232	72.932	-37.12	624.859	2024	3	23	6	40	43
366374	25.0	3	0.061	1711176107.419	1442.9	4328.8	39.8	1012.7	3038.0	121.52	0.437	73.003	-33.428	625.012	2024	3	23	6	41	47
366377	25.0	2	0.04	1711176171.419	2221.5	4443.0	39.2	1559.0	3118.1	124.724	0.449	73.048	-29.736	625.112	2024	3	23	6	42	51
366383	25.0	1	0.02	1711176299.419	594.8	594.8	45.8	417.4	417.4	16.696	0.06	73.078	-22.348	625.197	2024	3	23	6	44	59
366416	25.0	1	0.02	1711177003.42	473.8	473.8	26.3	332.5	332.5	13.3	0.048	72.778	22.014	621.555	2024	3	23	6	56	43
366422	25.0	1	0.02	1711177131.42	3071.5	3071.5	74.9	2155.6	2155.6	86.224	0.31	72.806	29.41	620.359	2024	3	23	6	58	51
366461	25.0	15	0.303	1711177963.419	2593.4	38901.0	69.8	1820.1	27300.9	1092.036	3.931	88.355	80.777	611.516	2024	3	23	7	12	43
366464	25.0	11	0.222	1711178027.419	2609.8	28707.6	73.0	1831.6	20147.2	805.888	2.901	101.23	84.086	611.055	2024	3	23	7	13	47
366467	25.0	17	0.343	1711178091.419	2142.3	36418.8	62.8	1503.5	25558.9	1022.356	3.68	137.277	86.475	610.644	2024	3	23	7	14	51
366470	19.487	6	0.156	1711178155.419	2128.0	12768.0	68.1	1493.4	8960.7	459.83	1.655	-166.01	85.827	610.283	2024	3	23	7	15	55
366473	25.0	9	0.182	1711178219.419	2437.3	21935.8	64.3	1710.5	15394.7	615.788	2.217	-141.489	82.933	609.969	2024	3	23	7	16	59
366508	25.0	3	0.061	1711178988.419	1825.0	5474.9	69.7	1280.8	3842.3	153.692	0.553	-119.21	35.387	609.923	2024	3	23	7	29	48
366559	25.0	1	0.02	1711180012.42	7808.9	7808.9	47.9	5480.3	5480.3	219.212	0.789	-119.372	-27.656	614.905	2024	3	23	7	46	52
366598	25.0	21	0.424	1711180844.42	2719.3	57105.3	66.8	1908.4	40076.8	1603.072	5.771	-107.084	-79.105	619.101	2024	3	23	8	0	44
366601	25.0	29	0.586	1711180908.419	3780.4	109630.8	70.4	2653.1	76939.5	3077.58	11.079	-98.559	-82.545	619.461	2024	3	23	8	1	48
366604	20.873	13	0.315	1711180972.419	3419.1	44448.7	72.8	2399.6	31194.3	1494.481	5.38	-77.034	-85.542	619.823	2024	3	23	8	2	52
366607	25.0	29	0.586	1711181036.42	2930.2	84976.6	73.1	2056.5	59637.1	2385.484	8.588	-23.019	-86.601	620.196	2024	3	23	8	3	56
366610	23.903	18	0.38	1711181100.42	3130.6	56351.2	65.0	2197.1	39547.6	1654.504	5.956	17.582	-84.466	620.565	2024	3	23	8	5	0
366643	25.0	1	0.02	1711181804.419	2752.6	2752.6	78.6	1931.8	1931.8	77.272	0.278	48.457	-41.073	624.574	2024	3	23	8	16	44
366646	25.0	1	0.02	1711181868.419	885.6	885.6	63.3	621.5	621.5	24.86	0.089	48.564	-37.382	624.769	2024	3	23	8	17	48
366649	25.0	1	0.02	1711181932.42	1177.0	1177.0	53.5	826.0	826.0	33.04	0.119	48.637	-33.691	624.913	2024	3	23	8	18	52
366688	25.0	1	0.02	1711182765.419	2002.6	2002.6	62.6	1405.4	1405.4	56.216	0.202	48.424	18.054	622.041	2024	3	23	8	32	45
366733	25.0	24	0.485	1711183725.419	3335.7	80056.1	72.7	2341.0	56183.8	2247.352	8.09	57.87	76.996	611.931	2024	3	23	8	48	45
366736	25.0	19	0.384	1711183789.419	2949.2	56034.0	70.4	2069.7	39325.0	1573.0	5.663	63.433	80.535	611.443	2024	3	23	8	49	49
366739	25.0	16	0.323	1711183853.419	3785.1	60561.6	73.0	2656.4	42502.5	1700.1	6.12	75.509	83.87	610.984	2024	3	23	8	50	53
366742	25.0	23	0.465	1711183917.419	2586.4	59487.0	67.7	1815.1	41748.3	1669.932	6.012	109.045	86.38	610.576	2024	3	23	8	51	57
366745	25.0	22	0.444	1711183981.419	2977.1	65495.3	70.6	2089.3	45965.0	1838.6	6.619	166.704	85.98	610.205	2024	3	23	8	53	1
366777	25.0	1	0.02	1711184685.419	906.4	906.4	64.7	636.1	636.1	25.444	0.092	-143.797	43.058	609.453	2024	3	23	9	4	45
366783	25.0	1	0.02	1711184813.419	1225.7	1225.7	64.5	860.2	860.2	34.408	0.124	-143.576	35.646	609.865	2024	3	23	9	6	53
366822	25.0	2	0.04	1711185645.419	1660.0	3320.0	72.3	1165.0	2330.0	93.2	0.336	-143.735	-16.281	614.03	2024	3	23	9	20	45
366831	25.0	1	0.02	1711185837.419	764.8	764.8	47.8	536.7	536.7	21.468	0.077	-143.736	-27.398	614.898	2024	3	23	9	23	57
366870	25.0	35	0.707	1711186670.419	3196.0	111860.8	72.7	2243.0	78504.5	3140.18	11.305	-131.847	-78.86	619.092	2024	3	23	9	37	50
366873	15.437	35	1.145	1711186734.419	3063.9	107236.9	71.2	2150.3	75259.5	4875.267	17.551	-123.777	-82.314	619.452	2024	3	23	9	38	54
366876	25.0	40	0.808	1711186798.419	3142.2	125686.9	72.9	2205.2	88207.8	3528.312	12.702	-103.776	-85.368	619.808	2024	3	23	9	39	58
366909	25.0	1	0.02	1711187502.42	3004.4	3004.4	49.3	2108.5	2108.5	84.34	0.304	23.728	-48.707	624.075	2024	3	23	9	51	42
366912	25.0	1	0.02	1711187566.419	1285.6	1285.6	51.4	902.2	902.2	36.088	0.13	23.936	-45.02	624.332	2024	3	23	9	52	46
366915	25.0	4	0.081	1711187630.42	3769.6	15078.3	52.0	2645.5	10582.0	423.28	1.524	24.089	-41.33	624.557	2024	3	23	9	53	50
366918	25.0	12	0.242	1711187694.42	2873.1	34477.6	62.1	2016.4	24196.6	967.864	3.484	24.198	-37.64	624.75	2024	3	23	9	54	54
366921	25.0	26	0.525	1711187758.42	2352.7	61169.0	70.4	1651.1	42928.7	1717.148	6.182	24.273	-33.948	624.907	2024	3	23	9	55	58
366954	25.0	1	0.02	1711188462.419	11746.5	11746.5	41.2	8243.8	8243.8	329.752	1.187	24.108	10.4	623.036	2024	3	23	10	7	42
366966	25.0	1	0.02	1711188718.419	1483.9	1483.9	70.7	1041.4	1041.4	41.656	0.15	24.057	25.193	620.912	2024	3	23	10	11	58
366999	4.48	17	1.916	1711189422.419	2616.4	44478.2	75.9	1836.2	31215.1	6967.656	25.084	28.394	69.48	613.004	2024	3	23	10	23	42
367002	11.392	36	1.596	1711189486.419	3168.5	114066.9	72.8	2223.7	80052.8	7027.107	25.298	30.254	73.13	612.437	2024	3	23	10	24	46
367005	11.951	29	1.226	1711189550.42	3385.7	98186.3	70.0	2376.1	68907.7	5765.852	20.757	33.231	76.746	611.895	2024	3	23	10	25	50
367008	17.82	40	1.134	1711189614.419	3312.8	132511.6	70.7	2324.9	92997.4	5218.709	18.787	38.543	80.294	611.395	2024	3	23	10	26	54
367011	19.461	38	0.986	1711189678.419	4254.8	161683.3	76.7	2986.1	113470.2	5830.646	20.99	49.889	83.652	610.929	2024	3	23	10	27	58
367050	25.0	1	0.02	1711190511.42	1366.8	1366.8	45.6	959.2	959.2	38.368	0.138	-168.168	43.315	609.351	2024	3	23	10	41	51
367053	25.0	1	0.02	1711190575.42	1499.2	1499.2	107.1	1052.1	1052.1	42.084	0.152	-168.035	39.609	609.544	2024	3	23	10	42	55
367056	25.0	1	0.02	1711190639.419	1087.3	1087.3	35.1	763.1	763.1	30.524	0.11	-167.942	35.902	609.762	2024	3	23	10	43	59
367095	25.0	1	0.02	1711191471.419	2282.3	2282.3	36.8	1601.7	1601.7	64.068	0.231	-168.096	-16.026	613.962	2024	3	23	10	57	51
367143	6.364	18	1.428	1711192495.419	2914.2	52455.9	66.1	2045.2	36813.8	5784.695	20.825	-156.582	-78.617	619.093	2024	3	23	11	14	55
367179	25.0	1	0.02	1711193263.419	750.2	750.2	68.2	526.5	526.5	21.06	0.076	-0.934	-52.646	623.829	2024	3	23	11	27	43
367185	25.0	6	0.121	1711193391.419	1976.7	11860.3	67.9	1387.3	8323.6	332.944	1.199	-0.436	-45.274	624.38	2024	3	23	11	29	51
367188	25.0	2	0.04	1711193455.419	2465.5	4931.0	70.4	1730.3	3460.6	138.424	0.498	-0.28	-41.585	624.611	2024	3	23	11	30	55
367227	25.0	1	0.02	1711194288.419	367.0	367.0	45.9	257.6	257.6	10.304	0.037	-0.251	10.144	623.112	2024	3	23	11	44	48
367235	25.0	1	0.02	1711194480.419	1431.6	1431.6	84.2	1004.7	1004.7	40.188	0.145	-0.307	21.238	621.567	2024	3	23	11	48	0
367274	9.03	23	1.286	1711195312.419	2219.6	51050.9	72.6	1557.7	35827.8	3967.641	14.284	5.734	72.878	612.413	2024	3	23	12	1	52
367277	14.51	38	1.323	1711195376.419	3204.1	121755.2	71.2	2248.6	85448.5	5888.939	21.2	8.607	76.498	611.865	2024	3	23	12	2	56
367280	8.378	22	1.326	1711195440.419	3974.4	87437.0	72.8	2789.3	61363.8	7324.397	26.368	13.686	80.052	611.349	2024	3	23	12	4	0
367318	25.0	1	0.02	1711196272.419	836.8	836.8	41.8	587.3	587.3	23.492	0.085	167.275	47.273	609.039	2024	3	23	12	17	52
367402	15.227	33	1.095	1711198065.42	4185.3	138116.3	75.4	2937.3	96930.8	6365.719	22.917	170.119	-63.836	617.747	2024	3	23	12	47	45
367408	15.288	38	1.255	1711198193.419	3164.0	120233.8	74.3	2220.5	84380.8	5519.414	19.87	172.621	-71.16	618.404	2024	3	23	12	49	53
367411	13.482	46	1.723	1711198257.419	3124.6	143730.1	75.1	2192.8	100870.6	7481.872	26.935	174.9	-74.791	618.757	2024	3	23	12	50	57
367414	6.008	23	1.933	1711198321.42	2875.3	66132.9	70.0	2017.9	46412.4	7725.1	27.81	178.704	-78.376	619.102	2024	3	23	12	52	1
367447	25.0	3	0.061	1711199025.42	5888.5	17665.6	70.6	4132.6	12397.8	495.912	1.785	-25.71	-56.58	623.575	2024	3	23	13	3	45
367450	25.0	1	0.02	1711199089.419	3139.3	3139.3	65.4	2203.2	2203.2	88.128	0.317	-25.318	-52.898	623.888	2024	3	23	13	4	49
367453	25.0	11	0.222	1711199153.419	3081.1	33892.6	71.6	2162.4	23786.0	951.44	3.425	-25.026	-49.213	624.181	2024	3	23	13	5	53
367459	3.03	29	4.834	1711199281.419	3508.8	101756.2	76.2	2462.5	71413.1	23568.68	84.847	-24.65	-41.837	624.671	2024	3	23	13	8	1
367498	25.0	1	0.02	1711200049.419	266.8	266.8	53.4	187.2	187.2	7.488	0.027	-24.578	6.192	623.625	2024	3	23	13	20	49
367539	20.0	21	0.53	1711200945.419	2850.1	59851.1	68.9	2000.2	42003.8	2100.19	7.561	-22.541	61.627	614.277	2024	3	23	13	35	45
367542	12.123	39	1.625	1711201009.419	3803.6	148340.9	69.0	2669.4	104106.5	8587.52	30.915	-21.711	65.306	613.627	2024	3	23	13	36	49
367545	5.613	48	4.319	1711201073.419	2479.5	119018.2	72.2	1740.2	83527.6	14881.097	53.572	-20.53	68.975	613.01	2024	3	23	13	37	53
367548	4.862	26	2.701	1711201137.419	3906.2	101560.9	74.3	2741.4	71276.0	14659.811	52.775	-18.777	72.628	612.416	2024	3	23	13	38	57
367551	6.107	27	2.233	1711201201.419	2614.2	70583.4	72.4	1834.7	49535.8	8111.315	29.201	-16.002	76.251	611.852	2024	3	23	13	40	1
367779	4.035	30	3.755	1711230146.42	3204.8	96145.5	69.3	2249.2	67475.5	16722.553	60.201	-143.286	66.134	613.442	2024	3	23	21	42	26
367782	5.707	48	4.248	1711230210.421	2950.0	141600.9	74.3	2070.3	99376.3	17413.054	62.687	-141.896	70.044	612.787	2024	3	23	21	43	30
367785	6.68	41	3.1	1711230274.421	3897.4	159794.1	75.4	2735.2	112144.4	16788.084	60.437	-139.736	73.932	612.163	2024	3	23	21	44	34
367788	6.771	51	3.804	1711230338.421	3036.8	154877.0	70.2	2131.2	108693.5	16052.799	57.79	-136.088	77.776	611.575	2024	3	23	21	45	38
367794	2.975	28	4.753	1711230466.42	2489.3	69700.5	75.9	1747.0	48916.2	16442.42	59.193	-111.417	84.916	610.547	2024	3	23	21	47	46
