Frame#	acq_t_s	NumEvent	Flux	UnixT	E_mean	SumE	Epx_mean	Dose_clu_pGy	Dose_pGy	DR_pGy_s	DR_uGy_h	Long	Lat	Alt
[#]	[s]	[#]	[#/cm2/s]	[s]	[keV]	[keV]	[keV/px]	[pGy/clu]	[pGy/f]	[pGy/s]	[uGy/h]	[deg]	[deg]	[km]
368017	25.0	2	0.04040404040404041	1711235203.419	9.5	18.9	9.5	6.6	13.3	0.532	0.002	-170.836	19.506	621.944
368020	25.0	3	0.06060606060606061	1711235267.419	8.5	25.6	8.5	6.0	18.0	0.72	0.003	-170.84	22.86	621.416
368646	4.486	2	0.22516741197080029	1711248198.42	14.8	29.6	11.6	10.4	20.8	4.637	0.017	-60.71	76.829	609.007
368655	4.976	8	0.8119783039397187	1711248391.419	25.3	202.8	19.8	17.8	142.3	28.597	0.103	-54.484	65.609	608.522
368667	23.11	6	0.13112518521432412	1711248647.419	69.9	419.4	38.5	49.1	294.3	12.735	0.046	-52.149	49.851	608.58
368670	25.0	6	0.12121212121212122	1711248711.42	36.6	219.3	23.4	25.6	153.9	6.156	0.022	-51.905	45.901	608.708
368673	25.0	2	0.04040404040404041	1711248775.42	56.9	113.8	28.4	40.0	79.9	3.196	0.012	-51.73	41.949	608.876
368894	25.0	25	0.5050505050505051	1711253256.4189994	37.9	947.8	24.6	26.6	665.2	26.608	0.096	117.268	55.216	615.512
368897	25.0	6	0.12121212121212122	1711253320.4190001	61.5	369.1	44.1	43.2	259.0	10.36	0.037	117.705	58.628	614.855
368900	25.0	8	0.16161616161616163	1711253384.42	41.7	333.7	33.8	29.3	234.2	9.368	0.034	118.392	62.557	614.119
368903	5.718	16	1.4132228193088634	1711253448.419	41.2	659.3	25.2	28.9	462.7	80.92	0.291	119.37	66.479	613.407
368911	3.954	7	0.8941207727247181	1711253640.4190001	18.5	129.8	15.4	13.0	91.1	23.04	0.083	126.906	78.111	611.486
368917	5.412	8	0.7465639394685958	1711253768.419	38.8	310.7	20.9	27.3	218.1	40.299	0.145	153.842	85.173	610.422
368920	3.242	4	0.6231344911172179	1711253832.419	37.4	149.8	28.9	26.3	105.1	32.418	0.117	-152.066	86.642	609.972
369299	25.0	1	0.020202020202020204	1711261770.419	72.7	72.7	24.2	51.0	51.0	2.04	0.007	-100.182	-41.268	615.873
369472	25.0	3	0.06060606060606061	1711265355.419	20.8	62.6	11.4	14.6	43.9	1.756	0.006	87.761	82.432	610.891
369499	6.447	9	0.7050495649844184	1711265803.419	25.5	229.3	18.7	17.9	160.9	24.957	0.09	-128.601	68.783	608.697
369502	4.648	7	0.7606182304977486	1711265867.4189994	30.4	213.1	19.9	21.4	149.6	32.186	0.116	-127.44	65.108	608.614
369505	4.237	5	0.5960001239680258	1711265931.419	26.2	131.1	21.1	18.4	92.0	21.713	0.078	-126.623	61.423	608.579
369543	25.0	2	0.04040404040404041	1711266763.419	24.3	48.7	24.3	17.1	34.2	1.368	0.005	-124.582	9.546	611.522
369546	25.0	2	0.04040404040404041	1711266827.419	50.3	100.7	50.3	35.4	70.7	2.828	0.01	-124.614	5.836	611.856
369552	25.0	3	0.06060606060606061	1711266955.419	48.6	145.8	17.1	34.1	102.3	4.092	0.015	-124.684	-1.583	612.535
369587	25.0	8	0.16161616161616163	1711267724.419	49.2	393.6	42.7	34.5	276.2	11.048	0.04	-124.112	-49.734	616.635
369590	25.0	34	0.6868686868686869	1711267788.419	30.2	1026.4	22.5	21.2	720.3	28.812	0.104	-123.805	-53.426	616.95
369593	25.0	15	0.30303030303030304	1711267852.4189992	32.2	483.8	23.0	22.6	339.5	13.58	0.049	-123.393	-57.114	617.268
369596	25.0	30	0.6060606060606061	1711267916.4189992	46.7	1402.5	26.8	32.8	984.3	39.372	0.142	-122.835	-60.797	617.601
369599	25.0	95	1.9191919191919191	1711267980.4190006	36.7	3483.9	24.0	25.7	2445.0	97.8	0.352	-122.065	-64.474	617.932
369605	4.5	88	9.876543209876543	1711268108.4190001	35.7	3140.8	26.5	25.0	2204.2	489.822	1.763	-118.522	-73.266	618.765
369608	3.014	12	2.010818201926364	1711268172.42	33.7	404.5	21.9	23.7	283.9	94.194	0.339	-115.74	-76.64	619.102
369635	5.357	28	2.639801034424891	1711268748.4199998	31.7	886.9	20.0	22.2	622.4	116.184	0.418	39.855	-66.96	622.815
369641	9.717	109	5.665380781157255	1711268876.4190001	36.3	3954.4	27.2	25.5	2775.2	285.603	1.028	41.513	-59.622	623.541
369644	9.506	116	6.163040036383188	1711268940.4190001	39.1	4539.9	26.0	27.5	3186.1	335.167	1.207	42.019	-55.944	623.866
369677	25.0	1	0.020202020202020204	1711269644.42	121.7	121.7	60.8	85.4	85.4	3.416	0.012	43.244	-11.656	625.132
369680	25.0	6	0.12121212121212122	1711269708.42	23.7	142.4	20.3	16.7	99.9	3.996	0.014	43.214	-7.96	624.922
369683	25.0	3	0.06060606060606061	1711269772.4189994	86.5	259.5	32.1	60.7	182.1	7.284	0.026	43.18	-4.264	624.674
369689	25.0	3	0.06060606060606061	1711269900.4189994	40.8	122.5	22.2	28.7	86.0	3.44	0.012	43.108	3.13	624.017
369722	25.0	2	0.04040404040404041	1711270604.419	36.1	72.2	21.3	25.4	50.7	2.028	0.007	43.544	47.502	616.801
369725	25.0	1	0.020202020202020204	1711270668.419	17.6	17.6	17.6	12.4	12.4	0.496	0.002	43.799	51.196	616.077
369728	25.0	2	0.04040404040404041	1711270732.42	57.6	115.2	23.4	40.4	80.8	3.232	0.012	44.144	54.887	615.372
369731	25.0	11	0.2222222222222222	1711270796.419	41.9	460.5	28.9	29.4	323.2	12.928	0.047	44.608	58.576	614.68
369734	1.0	1	0.5050505050505051	1711270860.419	40.9	40.9	20.4	28.7	28.7	28.7	0.103	45.242	62.26	614.002
369758	25.0	4	0.08080808080808081	1711277868.42	18.6	74.6	14.2	13.1	52.4	2.096	0.008	-173.598	43.432	608.818
369761	1.0	1	0.5050505050505051	1711277932.42	51.2	51.2	17.1	35.9	35.9	35.9	0.129	-173.464	39.725	609.014
369764	25.0	1	0.020202020202020204	1711277996.419	40.8	40.8	40.8	28.6	28.6	1.144	0.004	-173.369	36.018	609.236
369800	25.0	3	0.06060606060606061	1711278764.4189994	78.1	234.2	42.7	54.8	164.4	6.576	0.024	-173.498	-12.208	613.412
369803	25.0	1	0.020202020202020204	1711278828.42	80.4	80.4	40.2	56.4	56.4	2.256	0.008	-173.521	-15.916	613.742
369806	25.0	1	0.020202020202020204	1711278892.419	6.0	6.0	6.0	4.2	4.2	0.168	0.001	-173.535	-19.622	614.068
369809	25.0	1	0.020202020202020204	1711278956.419	76.6	76.6	25.5	53.8	53.8	2.152	0.008	-173.537	-23.329	614.393
369812	25.0	2	0.04040404040404041	1711279020.42	49.2	98.5	24.6	34.6	69.1	2.764	0.01	-173.526	-27.034	614.714
369848	6.893	15	1.0990508596775825	1711279788.4189992	35.4	531.6	26.4	24.9	373.1	54.127	0.195	-166.054	-74.928	618.977
369853	5.722	7	0.6178527674508101	1711279916.4190001	40.7	285.0	28.7	28.6	200.0	34.953	0.126	-154.686	-81.983	619.734
369856	4.23	4	0.4775891300713995	1711279980.42	49.0	195.9	32.5	34.4	137.5	32.506	0.117	-136.632	-85.106	620.12
369889	25.0	14	0.2828282828282828	1711280684.4189994	30.7	429.7	20.8	21.5	301.6	12.064	0.043	-6.081	-49.077	624.518
369892	25.0	41	0.8282828282828283	1711280748.419	34.8	1426.6	23.7	24.4	1001.2	40.048	0.144	-5.867	-45.391	624.775
369895	25.0	40	0.8080808080808081	1711280812.42	37.2	1488.7	25.9	26.1	1044.8	41.792	0.15	-5.71	-41.702	624.995
369898	5.113	18	1.777999039880518	1711280876.4200003	48.5	872.1	32.7	34.0	612.0	119.695	0.431	-5.597	-38.013	625.182
369937	25.0	2	0.04040404040404041	1711281644.419	53.6	107.1	24.4	37.6	75.2	3.008	0.011	-5.676	10.022	623.244
369940	25.0	1	0.020202020202020204	1711281709.419	34.1	34.1	34.1	23.9	23.9	0.956	0.003	-5.703	13.72	622.748
369943	25.0	8	0.16161616161616163	1711281773.419	44.4	355.6	23.2	31.2	249.6	9.984	0.036	-5.723	17.418	622.207
369946	25.0	2	0.04040404040404041	1711281837.419	33.1	66.2	33.1	23.2	46.5	1.86	0.007	-5.734	21.116	621.618
369949	25.0	1	0.020202020202020204	1711281901.419	6.4	6.4	6.4	4.5	4.5	0.18	0.001	-5.731	24.814	621.007
369982	3.29	6	0.9210647508519849	1711282605.42	13.2	79.2	10.4	9.3	55.6	16.9	0.061	-1.698	68.706	612.732
369985	5.207	5	0.4849726378437728	1711282669.421	44.1	220.7	17.9	31.0	154.9	29.748	0.107	0.144	72.603	612.079
369988	3.259	5	0.7748550246248926	1711282733.421	21.3	106.3	18.3	14.9	74.6	22.89	0.082	3.151	76.467	611.456
369994	7.6	6	0.39872408293460926	1711282861.421	36.8	221.0	24.0	25.8	155.1	20.408	0.073	21.102	83.828	610.371
370000	5.674	8	0.7120909482559112	1711282989.421	31.8	254.3	17.8	22.3	178.5	31.459	0.113	117.365	85.709	609.487
370003	6.049	5	0.41746611427550423	1711283053.42	33.0	165.0	23.3	23.2	115.8	19.144	0.069	141.273	82.627	609.143
370027	25.0	3	0.06060606060606061	1711283565.419	41.0	123.0	15.8	28.8	86.3	3.452	0.012	161.589	51.088	608.356
370030	23.855	7	0.14820178307916726	1711283629.419	36.5	255.4	24.6	25.6	179.2	7.512	0.027	161.843	47.385	608.483
370033	25.0	6	0.12121212121212122	1711283693.42	18.3	109.8	15.8	12.8	77.1	3.084	0.011	162.031	43.68	608.646
370036	25.0	3	0.06060606060606061	1711283757.419	42.5	127.4	42.5	29.8	89.4	3.576	0.013	162.168	39.974	608.843
370039	25.0	1	0.020202020202020204	1711283821.419	45.7	45.7	45.7	32.1	32.1	1.284	0.005	162.265	36.266	609.074
370072	25.0	1	0.020202020202020204	1711284525.419	55.4	55.4	18.5	38.9	38.9	1.556	0.006	162.172	-8.252	612.956
370078	25.0	2	0.04040404040404041	1711284653.419	26.3	52.6	26.3	18.4	36.9	1.476	0.005	162.12	-15.669	613.635
370081	25.0	2	0.04040404040404041	1711284717.419	50.5	101.0	39.6	35.4	70.9	2.836	0.01	162.105	-19.376	613.976
370084	25.0	2	0.04040404040404041	1711284781.419	22.3	44.6	22.3	15.6	31.3	1.252	0.005	162.101	-23.082	614.304
370105	25.0	92	1.8585858585858586	1711285229.4190001	40.4	3714.0	28.2	28.3	2606.5	104.26	0.375	162.957	-51.742	616.805
370108	5.744	13	1.1430460594805998	1711285293.419	36.4	473.8	22.4	25.6	332.5	57.886	0.208	163.293	-55.228	617.119
370123	8.523	10	0.592573630236425	1711285614.419	32.5	325.5	23.0	22.8	228.4	26.798	0.096	169.392	-74.688	618.994
370126	9.814	9	0.4631602349148712	1711285678.419	38.0	341.9	26.1	26.7	239.9	24.445	0.088	173.135	-78.275	619.367
370162	25.0	30	0.6060606060606061	1711286382.4190004	28.7	861.2	19.9	20.1	604.4	24.176	0.087	-31.149	-56.689	623.986
370170	6.962	26	1.8861409266465288	1711286574.4190001	32.1	834.2	22.5	22.5	585.4	84.085	0.303	-30.24	-45.637	624.85
370173	1.972	10	2.561108037781466	1711286638.419	33.5	335.2	20.1	23.5	235.2	119.27	0.429	-30.079	-41.949	625.075
370222	19.747	1	0.025576062442421887	1711287342.419	45.3	45.3	22.6	31.8	31.8	1.61	0.006	-29.967	2.378	624.222
370225	25.0	4	0.08080808080808081	1711287406.419	24.4	97.4	13.7	17.1	68.4	2.736	0.01	-30.003	6.076	623.815
370234	25.0	1	0.020202020202020204	1711287598.419	34.4	34.4	17.2	24.1	24.1	0.964	0.003	-30.083	17.169	622.31
370267	25.0	6	0.12121212121212122	1711288302.4189994	35.1	210.5	22.0	24.6	147.7	5.908	0.021	-27.99	61.512	614.029
370273	5.88	29	2.490895348038205	1711288430.4200003	38.8	1125.6	24.3	27.2	790.0	134.354	0.484	-26.001	68.861	612.695
370276	9.617	16	0.840262876240832	1711288494.42	29.1	465.9	19.3	20.4	327.0	34.002	0.122	-24.271	72.514	612.071
370279	5.55	3	0.273000273000273	1711288558.42	27.0	81.0	15.6	18.9	56.8	10.234	0.037	-21.539	76.139	611.492
370317	25.0	3	0.06060606060606061	1711289391.419	23.5	70.5	23.5	16.5	49.5	1.98	0.007	137.207	51.336	608.234
370320	25.0	6	0.12121212121212122	1711289455.419	39.5	237.1	18.9	27.7	166.4	6.656	0.024	137.467	47.633	608.366
370323	25.0	2	0.04040404040404041	1711289519.42	62.2	124.4	31.1	43.6	87.3	3.492	0.013	137.659	43.929	608.519
370356	25.0	2	0.04040404040404041	1711290223.419	12.1	24.2	12.1	8.5	17.0	0.68	0.002	137.882	-0.587	612.1
370359	25.0	2	0.04040404040404041	1711290287.419	9.4	18.8	9.4	6.6	13.2	0.528	0.002	137.846	-4.297	612.449
370365	25.0	4	0.08080808080808081	1711290415.419	59.8	239.4	24.1	42.0	168.0	6.72	0.024	137.784	-11.715	613.132
370368	25.0	2	0.04040404040404041	1711290479.419	53.1	106.2	31.9	37.2	74.5	2.98	0.011	137.76	-15.423	613.47
370401	6.369	15	1.1894736341274261	1711291183.4189992	30.7	460.9	18.8	21.6	323.5	50.793	0.183	139.552	-59.812	617.477
370404	12.675	47	1.872771103540334	1711291247.419	36.6	1719.4	23.1	25.7	1206.7	95.203	0.343	140.256	-63.49	617.823
370410	5.145	16	1.5706138155117748	1711291375.42	31.2	499.8	24.2	21.9	350.8	68.183	0.245	142.672	-70.816	618.555
370445	25.0	24	0.48484848484848486	1711292143.419	40.2	965.0	27.4	28.2	677.2	27.088	0.098	-56.091	-60.609	623.736
370448	25.0	1	0.020202020202020204	1711292207.419	13.7	13.7	13.7	9.6	9.6	0.384	0.001	-55.543	-56.932	624.079
370456	8.474	19	1.132400235539249	1711292399.4189994	43.2	820.5	27.8	30.3	575.8	67.949	0.245	-54.615	-45.881	624.975
370509	25.0	1	0.020202020202020204	1711293232.419	5.8	5.8	5.8	4.1	4.1	0.164	0.001	-54.362	5.828	624.025
370512	25.0	1	0.020202020202020204	1711293296.42	36.4	36.4	12.1	25.5	25.5	1.02	0.004	-54.394	9.526	623.581
370515	25.0	1	0.020202020202020204	1711293360.42	40.6	40.6	20.3	28.5	28.5	1.14	0.004	-54.422	13.223	623.075
370550	9.32	7	0.37932977847140936	1711294128.4190001	45.5	318.6	26.7	31.9	223.6	23.991	0.086	-52.396	61.263	614.212
370553	11.653	7	0.3033856977047572	1711294192.4190001	24.7	172.9	23.2	17.3	121.3	10.409	0.037	-51.593	64.942	613.526
370559	18.619	19	0.5153853373414037	1711294320.419	47.9	910.1	28.1	33.6	638.7	34.304	0.123	-48.772	72.268	612.238
370571	15.278	16	0.5289179264830528	1711294576.42	39.4	630.3	21.9	27.6	442.3	28.95	0.104	11.952	86.502	609.931
370574	11.48	18	0.7918910357934749	1711294640.42	49.1	884.4	25.9	34.5	620.7	54.068	0.195	70.455	85.595	609.508
370577	11.48	19	0.8358849822264457	1711294704.421	34.7	659.1	25.4	24.3	462.6	40.296	0.145	93.402	82.386	609.136
370592	18.513	129	3.519230548885386	1711295024.4190001	36.2	4675.8	25.5	25.4	3281.5	177.254	0.638	111.326	62.673	608.161
370595	14.114	148	5.295980923017908	1711295088.4190001	35.4	5232.7	25.7	24.8	3672.3	260.188	0.937	111.984	58.983	608.149
370598	25.0	23	0.46464646464646464	1711295152.419	33.1	761.1	22.3	23.2	534.1	21.364	0.077	112.466	55.287	608.176
370601	25.0	1	0.020202020202020204	1711295216.419	46.2	46.2	23.1	32.4	32.4	1.296	0.005	112.823	51.588	608.254
370604	25.0	22	0.4444444444444444	1711295280.4190001	42.6	937.5	26.3	29.9	657.9	26.316	0.095	113.088	47.885	608.365
370637	25.0	1	0.020202020202020204	1711295984.419	61.8	61.8	61.8	43.4	43.4	1.736	0.006	113.558	3.376	611.708
370640	25.0	2	0.04040404040404041	1711296048.419	11.7	23.5	11.7	8.2	16.5	0.66	0.002	113.522	-0.334	612.057
370643	25.0	1	0.020202020202020204	1711296112.419	37.7	37.7	37.7	26.5	26.5	1.06	0.004	113.487	-4.044	612.406
370646	25.0	1	0.020202020202020204	1711296176.419	42.7	42.7	42.7	30.0	30.0	1.2	0.004	113.454	-7.753	612.75
370682	20.014	12	0.30281833019916365	1711296944.4190001	35.7	428.8	27.3	25.1	300.9	15.034	0.054	114.649	-55.876	617.109
370688	25.0	5	0.10101010101010101	1711297073.419	32.0	160.2	20.0	22.5	112.4	4.496	0.016	115.843	-63.24	617.823
370691	25.0	21	0.42424242424242425	1711297137.4190004	37.9	796.5	21.6	26.6	559.0	22.36	0.08	116.807	-66.91	618.188
370694	25.0	26	0.5252525252525253	1711297201.4190001	38.5	1001.4	23.5	27.0	702.8	28.112	0.101	118.199	-70.568	618.56
370727	25.0	60	1.2121212121212122	1711297905.4189992	33.0	1979.5	25.6	23.2	1389.2	55.568	0.2	-81.272	-64.53	623.403
370730	25.0	61	1.2323232323232323	1711297969.4189992	33.7	2056.0	25.6	23.7	1442.9	57.716	0.208	-80.5	-60.86	623.777
370733	25.0	37	0.7474747474747475	1711298033.4190001	45.5	1683.4	33.6	31.9	1181.4	47.256	0.17	-79.94	-57.183	624.128
370736	25.0	159	3.212121212121212	1711298097.4189994	34.0	5412.6	24.8	23.9	3798.6	151.944	0.547	-79.526	-53.502	624.456
370739	25.0	252	5.090909090909091	1711298161.419	39.5	9942.9	27.0	27.7	6978.0	279.12	1.005	-79.219	-49.819	624.762
370780	25.0	13	0.26262626262626265	1711298865.42	28.4	369.7	21.3	20.0	259.5	10.38	0.037	-78.613	-5.515	625.194
370785	25.0	5	0.10101010101010101	1711298993.419	42.9	214.5	30.9	30.1	150.5	6.02	0.022	-78.685	1.878	624.546
370788	25.0	2	0.04040404040404041	1711299057.419	53.2	106.3	26.6	37.3	74.6	2.984	0.011	-78.72	5.575	624.142
370791	25.0	2	0.04040404040404041	1711299121.419	121.1	242.2	62.9	85.0	170.0	6.8	0.024	-78.753	9.272	623.684
370824	25.0	47	0.9494949494949495	1711299825.4199998	34.2	1609.2	25.6	24.0	1129.3	45.172	0.163	-77.788	53.633	615.668
370827	18.272	23	0.6357356401139239	1711299889.4200003	27.7	636.1	23.3	19.4	446.4	24.431	0.088	-77.368	57.323	614.937
370830	14.673	18	0.6195671703747762	1711299953.4190001	29.2	526.3	24.4	20.5	369.4	25.175	0.091	-76.799	61.009	614.222
370873	20.288	18	0.4480929165471752	1711300785.4200003	35.7	641.8	21.2	25.0	450.4	22.2	0.08	85.968	66.607	608.211
370879	25.0	264	5.333333333333333	1711300914.4189994	37.3	9847.3	25.1	26.2	6910.9	276.436	0.995	87.581	59.236	608.128
370882	25.0	35	0.7070707070707071	1711300978.419	34.9	1221.2	26.9	24.5	857.0	34.28	0.123	88.073	55.54	608.163
370915	25.0	1	0.020202020202020204	1711301682.419	23.8	23.8	23.7	16.7	16.7	0.668	0.002	89.263	11.052	611.022
370924	25.0	2	0.04040404040404041	1711301874.419	14.0	27.9	14.0	9.8	19.6	0.784	0.003	89.164	-0.08	612.08
370927	25.0	2	0.04040404040404041	1711301938.419	37.3	74.6	37.3	26.2	52.4	2.096	0.008	89.128	-3.789	612.441
370960	14.683	146	5.021955577019256	1711302642.4200006	37.1	5420.9	26.3	26.1	3804.4	259.102	0.933	89.623	-48.238	616.577
370963	10.817	23	1.0738801531072955	1711302706.4189994	43.1	991.2	26.6	30.2	695.6	64.306	0.232	89.895	-51.931	616.91
370969	14.693	19	0.6530973658177088	1711302834.4199998	29.1	553.4	17.8	20.4	388.4	26.434	0.095	90.754	-59.306	617.615
370972	16.64	12	0.3642191142191142	1711302898.4189994	56.5	678.1	30.6	39.7	475.9	28.6	0.103	91.428	-62.985	617.97
370996	25.0	15	0.30303030303030304	1711303372.0220006	57.0	855.6	34.1	40.0	600.5	24.02	0.086	-146.897	-85.654	621.078
371007	25.0	26	0.5252525252525253	1711303602.419	42.3	1099.3	28.8	29.7	771.5	30.86	0.111	-108.463	-72.091	622.707
371010	25.0	134	2.707070707070707	1711303666.4200006	36.4	4872.6	24.2	25.5	3419.6	136.784	0.492	-106.817	-68.446	623.093
371013	10.992	265	12.175981062443944	1711303730.42	37.2	9850.6	25.4	26.1	6913.2	628.93	2.264	-105.699	-64.786	623.479
371016	25.0	217	4.383838383838384	1711303794.419	35.5	7702.2	25.4	24.9	5405.4	216.216	0.778	-104.909	-61.116	623.84
371019	25.0	9	0.18181818181818182	1711303858.419	41.3	371.3	23.0	29.0	260.6	10.424	0.038	-104.336	-57.44	624.182
371052	25.0	3	0.06060606060606061	1711304562.4190001	6.3	18.9	6.3	4.4	13.3	0.532	0.002	-102.911	-13.165	625.597
371057	25.0	2	0.04040404040404041	1711304690.419	9.8	19.6	9.8	6.9	13.8	0.552	0.002	-102.972	-5.774	625.149
371060	25.0	2	0.04040404040404041	1711304755.419	5.3	10.7	5.3	3.8	7.5	0.3	0.001	-103.007	-2.077	624.849
371063	25.0	5	0.10101010101010101	1711304819.419	46.8	234.1	22.2	32.9	164.3	6.572	0.024	-103.043	1.619	624.493
371096	25.0	103	2.080808080808081	1711305523.4189992	33.0	3395.2	22.4	23.1	2382.8	95.312	0.343	-102.705	45.989	617.094
371099	25.0	199	4.02020202020202	1711305587.419	32.9	6548.9	24.2	23.1	4596.1	183.844	0.662	-102.478	49.684	616.344
371102	19.747	65	1.6624440587574227	1711305651.419	36.3	2359.9	28.2	25.5	1656.2	83.871	0.302	-102.173	53.377	615.609
371105	25.0	15	0.30303030303030304	1711305715.5190003	31.7	475.8	20.4	22.3	333.9	13.356	0.048	-101.762	57.067	614.879
371108	13.324	6	0.2274319296234637	1711305779.419	42.8	256.9	26.0	30.0	180.3	13.532	0.049	-101.204	60.753	614.165
371141	21.78	15	0.347830926343323	1711306483.4190004	43.8	656.3	26.8	30.7	460.6	21.148	0.076	58.02	74.175	608.424
371144	25.0	18	0.36363636363636365	1711306547.419	45.0	810.1	27.6	31.6	568.5	22.74	0.082	60.137	70.529	608.259
371149	24.295	27	0.5612827181051095	1711306675.4189994	55.1	1487.0	31.8	38.7	1043.6	42.955	0.155	62.536	62.969	608.073
371152	25.0	242	4.888888888888889	1711306739.4190001	38.1	9224.5	25.0	26.8	6473.8	258.952	0.932	63.25	59.034	608.064
371155	25.0	18	0.36363636363636365	1711306803.419	36.4	656.1	25.5	25.6	460.5	18.42	0.066	63.762	55.092	608.098
371158	25.0	7	0.1414141414141414	1711306867.4189994	41.6	291.2	36.7	29.2	204.4	8.176	0.029	64.133	51.145	608.195
371161	25.0	6	0.12121212121212122	1711306931.419	30.4	182.6	19.6	21.3	128.1	5.124	0.018	64.404	47.196	608.33
371164	25.0	2	0.04040404040404041	1711306995.419	83.3	166.6	46.1	58.4	116.9	4.676	0.017	64.6	43.244	608.507
371167	25.0	8	0.16161616161616163	1711307059.419	45.5	364.4	32.8	32.0	255.7	10.228	0.037	64.74	39.29	608.728
371173	25.0	3	0.06060606060606061	1711307187.419	31.3	94.0	22.4	22.0	66.0	2.64	0.01	64.898	31.379	609.264
371176	25.0	4	0.08080808080808081	1711307251.419	57.1	228.5	31.2	40.1	160.4	6.416	0.023	64.933	27.422	609.572
371179	25.0	1	0.020202020202020204	1711307315.419	47.5	47.5	47.5	33.3	33.3	1.332	0.005	64.947	23.464	609.905
371182	25.0	2	0.04040404040404041	1711307379.419	10.9	21.8	10.9	7.6	15.3	0.612	0.002	64.945	19.506	610.25
371185	25.0	3	0.06060606060606061	1711307443.419	22.9	68.6	17.0	16.0	48.1	1.924	0.007	64.93	15.548	610.614
371188	25.0	1	0.020202020202020204	1711307507.419	14.6	14.6	7.3	10.2	10.2	0.408	0.001	64.905	11.59	610.985
371191	25.0	1	0.020202020202020204	1711307571.419	30.8	30.8	30.8	21.6	21.6	0.864	0.003	64.874	7.632	611.36
371194	25.0	2	0.04040404040404041	1711307635.419	25.4	50.8	25.4	17.8	35.7	1.428	0.005	64.838	3.675	611.743
371203	25.0	1	0.020202020202020204	1711307827.419	6.0	6.0	6.0	4.2	4.2	0.168	0.001	64.728	-8.196	612.9
371206	25.0	4	0.08080808080808081	1711307891.419	41.0	163.8	26.2	28.8	115.0	4.6	0.017	64.697	-12.152	613.286
371209	25.0	2	0.04040404040404041	1711307955.419	28.5	57.0	14.2	20.0	40.0	1.6	0.006	64.673	-16.107	613.663
371218	25.0	5	0.10101010101010101	1711308147.419	56.0	279.9	20.2	39.3	196.4	7.856	0.028	64.676	-27.966	614.774
371224	25.0	7	0.1414141414141414	1711308275.4189994	77.4	541.6	34.9	54.3	380.1	15.204	0.055	64.779	-35.865	615.5
371230	25.0	49	0.98989898989899	1711308367.119	34.1	1670.2	24.8	23.9	1172.2	46.888	0.169	64.936	-41.52	616.012
371233	25.0	80	1.6161616161616161	1711308403.4190001	36.1	2888.4	25.1	25.3	2027.1	81.084	0.292	65.024	-43.758	616.221
371236	25.0	49	0.98989898989899	1711308467.419	35.8	1754.9	24.5	25.1	1231.6	49.264	0.177	65.227	-47.7	616.579
371239	25.0	10	0.20202020202020202	1711308531.4190001	44.0	440.0	42.0	30.9	308.8	12.352	0.044	65.508	-51.64	616.944
371242	23.172	9	0.19616151154214334	1711308596.419	67.4	606.3	33.4	47.3	425.5	18.363	0.066	65.9	-55.637	617.312
371245	25.0	11	0.2222222222222222	1711308660.419	45.6	501.6	31.2	32.0	352.0	14.08	0.051	66.432	-59.568	617.687
371248	25.0	21	0.42424242424242425	1711308724.4189994	34.6	726.9	28.6	24.3	510.1	20.404	0.073	67.177	-63.492	618.069
371251	25.0	22	0.4444444444444444	1711308788.4200003	29.1	639.9	17.9	20.4	449.1	17.964	0.065	68.244	-67.406	618.452
371254	25.0	1	0.020202020202020204	1711308852.42	9.3	9.3	9.3	6.5	6.5	0.26	0.001	69.832	-71.304	618.853
371257	25.0	16	0.32323232323232326	1711308916.42	37.9	605.9	23.8	26.6	425.2	17.008	0.061	72.358	-75.173	619.248
371260	25.0	18	0.36363636363636365	1711308980.4200003	44.4	798.6	31.1	31.1	560.5	22.42	0.081	76.773	-78.985	619.662
371263	25.0	16	0.32323232323232326	1711309044.42	31.3	501.3	21.7	22.0	351.8	14.072	0.051	85.927	-82.652	620.074
371266	17.4	8	0.2322071287588529	1711309108.419	21.2	169.5	17.8	14.9	119.0	6.839	0.025	110.833	-85.772	620.498
371269	25.0	15	0.30303030303030304	1711309172.4189992	32.4	486.0	22.5	22.7	341.1	13.644	0.049	170.595	-86.418	620.923
371272	25.0	8	0.16161616161616163	1711309236.419	44.6	357.0	32.6	31.3	250.5	10.02	0.036	-153.738	-83.756	621.353
371275	25.0	4	0.08080808080808081	1711309300.42	40.5	162.1	25.3	28.4	113.8	4.552	0.016	-141.524	-80.189	621.774
371278	25.0	8	0.16161616161616163	1711309364.42	52.4	419.5	29.0	36.8	294.4	11.776	0.042	-136.071	-76.411	622.209
371284	25.0	67	1.3535353535353536	1711309492.42	37.1	2484.6	24.4	26.0	1743.7	69.748	0.251	-131.261	-68.673	623.035
371287	25.0	225	4.545454545454546	1711309556.4200003	33.4	7508.2	22.1	23.4	5269.3	210.772	0.759	-130.056	-64.769	623.438
371293	25.0	7	0.1414141414141414	1711309635.619	58.3	408.4	45.9	40.9	286.6	11.464	0.041	-129.064	-59.924	623.91
371298	8.661	9	0.5248186751477365	1711309748.419	32.6	293.0	21.2	22.8	205.6	23.739	0.085	-128.203	-53.007	624.516
371301	25.0	12	0.24242424242424243	1711309812.42	49.3	591.2	27.7	34.6	414.9	16.596	0.06	-127.891	-49.077	624.817
371304	25.0	28	0.5656565656565656	1711309876.4190001	43.4	1215.1	29.1	30.5	852.8	34.112	0.123	-127.664	-45.145	625.089
371307	25.0	9	0.18181818181818182	1711309940.419	47.1	423.5	34.4	33.0	297.2	11.888	0.043	-127.501	-41.211	625.313
371310	25.0	1	0.020202020202020204	1711310004.419	6.9	6.9	6.9	4.8	4.8	0.192	0.001	-127.387	-37.275	625.501
371313	25.0	3	0.06060606060606061	1711310068.42	78.4	235.1	33.6	55.0	165.0	6.6	0.024	-127.312	-33.338	625.643
371316	25.0	3	0.06060606060606061	1711310132.4189994	36.9	110.6	18.6	25.9	77.6	3.104	0.011	-127.265	-29.4	625.724
371319	25.0	3	0.06060606060606061	1711310196.4189994	24.6	73.9	14.1	17.3	51.9	2.076	0.007	-127.243	-25.461	625.756
371322	25.0	2	0.04040404040404041	1711310260.419	28.8	57.5	14.4	20.2	40.4	1.616	0.006	-127.238	-21.522	625.735
371325	25.0	2	0.04040404040404041	1711310324.419	33.5	67.0	33.5	23.5	47.0	1.88	0.007	-127.248	-17.581	625.653
371328	25.0	2	0.04040404040404041	1711310388.419	26.7	53.4	20.3	18.8	37.5	1.5	0.005	-127.27	-13.64	625.505
371331	25.0	5	0.10101010101010101	1711310452.419	24.4	122.0	24.4	17.1	85.6	3.424	0.012	-127.299	-9.698	625.306
371334	25.0	2	0.04040404040404041	1711310516.419	19.9	39.8	19.9	14.0	27.9	1.116	0.004	-127.333	-5.756	625.036
371337	25.0	3	0.06060606060606061	1711310580.4189994	53.9	161.8	28.7	37.9	113.6	4.544	0.016	-127.371	-1.813	624.713
371340	25.0	3	0.06060606060606061	1711310644.42	42.2	126.5	16.6	29.6	88.8	3.552	0.013	-127.41	2.13	624.327
371343	25.0	2	0.04040404040404041	1711310708.419	24.1	48.2	24.1	16.9	33.8	1.352	0.005	-127.448	6.074	623.891
371346	25.0	2	0.04040404040404041	1711310772.419	48.1	96.3	19.6	33.8	67.6	2.704	0.01	-127.482	10.018	623.384
371349	25.0	1	0.020202020202020204	1711310836.419	90.0	90.0	90.0	63.2	63.2	2.528	0.009	-127.51	13.962	622.833
371352	25.0	1	0.020202020202020204	1711310900.419	6.9	6.9	6.9	4.8	4.8	0.192	0.001	-127.53	17.907	622.231
371355	25.0	3	0.06060606060606061	1711310964.4189994	45.4	136.4	34.1	31.9	95.7	3.828	0.014	-127.539	21.851	621.585
371358	25.0	2	0.04040404040404041	1711311028.419	39.1	78.1	15.0	27.4	54.8	2.192	0.008	-127.533	25.796	620.903
371361	25.0	3	0.06060606060606061	1711311092.4189994	19.4	58.3	11.4	13.6	40.9	1.636	0.006	-127.508	29.741	620.187
371364	25.0	2	0.04040404040404041	1711311156.419	22.5	45.0	14.9	15.8	31.6	1.264	0.005	-127.459	33.685	619.441
371367	25.0	4	0.08080808080808081	1711311220.419	14.8	59.1	10.1	10.4	41.5	1.66	0.006	-127.38	37.63	618.673
371370	25.0	23	0.46464646464646464	1711311284.5190005	38.5	884.9	25.1	27.0	621.0	24.84	0.089	-127.261	41.579	617.891
371373	25.0	18	0.36363636363636365	1711311348.4200003	30.2	543.8	26.4	21.2	381.6	15.264	0.055	-127.092	45.516	617.101
371376	25.0	163	3.292929292929293	1711311412.42	36.4	5931.7	26.0	25.5	4162.9	166.516	0.599	-126.857	49.457	616.315
371379	25.0	183	3.696969696969697	1711311476.4190004	37.8	6913.8	25.0	26.5	4852.1	194.084	0.699	-126.534	53.396	615.53
371382	24.684	46	0.9411895653995799	1711311540.4190004	28.7	1319.2	22.3	20.1	925.8	37.506	0.135	-126.091	57.332	614.759
371385	25.0	20	0.40404040404040403	1711311604.4189994	37.2	743.8	22.5	26.1	522.0	20.88	0.075	-125.475	61.264	614.008
371390	25.0	6	0.12121212121212122	1711311732.4190001	39.1	234.7	21.5	27.4	164.7	6.588	0.024	-123.345	69.103	612.586
371393	25.0	17	0.3434343434343434	1711311796.419	30.4	516.0	19.9	21.3	362.1	14.484	0.052	-121.413	72.998	611.928
371396	25.0	14	0.2828282828282828	1711311860.4200003	47.2	660.2	24.5	33.1	463.3	18.532	0.067	-118.232	76.856	611.308
371399	18.284	12	0.3314704692958904	1711311924.4189994	47.0	563.4	25.4	32.9	395.4	21.625	0.078	-112.286	80.631	610.737
371402	25.0	10	0.20202020202020202	1711311988.42	34.3	343.4	26.2	24.1	241.0	9.64	0.035	-98.52	84.16	610.216
371405	18.284	12	0.3314704692958904	1711312052.4189994	34.7	416.5	24.8	24.4	292.3	15.987	0.058	-57.671	86.573	609.748
371408	18.284	14	0.38671554751187215	1711312116.4189994	45.2	632.6	32.9	31.7	444.0	24.284	0.087	-0.57	85.441	609.338
371413	18.025	12	0.33623334594208387	1711312244.4189994	32.6	391.3	16.4	22.9	274.6	15.234	0.055	29.238	78.475	608.69
371416	25.0	14	0.2828282828282828	1711312308.4200003	36.1	505.5	22.2	25.3	354.8	14.192	0.051	33.311	74.64	608.448
371422	25.0	8	0.16161616161616163	1711312436.6220002	68.7	550.0	38.6	48.2	386.0	15.44	0.056	37.179	66.829	608.156
371425	25.0	37	0.7474747474747475	1711312501.419	40.8	1511.4	27.1	28.7	1060.7	42.428	0.153	38.203	62.853	608.091
371428	25.0	87	1.7575757575757576	1711312565.4190001	40.0	3483.3	27.0	28.1	2444.6	97.784	0.352	38.909	58.917	608.082
371431	25.0	9	0.18181818181818182	1711312629.419	24.7	222.2	21.4	17.3	155.9	6.236	0.022	39.415	54.975	608.13
371434	25.0	3	0.06060606060606061	1711312693.419	49.6	148.8	32.2	34.8	104.4	4.176	0.015	39.784	51.028	608.223
371437	25.0	4	0.08080808080808081	1711312757.42	53.3	213.2	23.2	37.4	149.6	5.984	0.022	40.051	47.078	608.363
371440	25.0	4	0.08080808080808081	1711312821.419	45.9	183.4	29.3	32.2	128.7	5.148	0.019	40.246	43.126	608.545
371443	25.0	3	0.06060606060606061	1711312885.419	57.3	171.8	32.5	40.2	120.6	4.824	0.017	40.383	39.173	608.764
371446	25.0	2	0.04040404040404041	1711312949.419	16.0	32.1	16.0	11.2	22.5	0.9	0.003	40.478	35.218	609.016
371449	25.0	1	0.020202020202020204	1711313013.419	32.9	32.9	32.9	23.1	23.1	0.924	0.003	40.539	31.261	609.296
371455	25.0	4	0.08080808080808081	1711313141.52	36.5	146.1	24.1	25.6	102.5	4.1	0.015	40.587	23.341	609.935
371458	25.0	2	0.04040404040404041	1711313205.519	31.0	62.0	15.5	21.8	43.5	1.74	0.006	40.584	19.383	610.284
371464	25.0	3	0.06060606060606061	1711313333.42	62.4	187.2	25.5	43.8	131.4	5.256	0.019	40.544	11.473	611.007
371467	25.0	2	0.04040404040404041	1711313397.42	15.7	31.4	15.7	11.0	22.0	0.88	0.003	40.512	7.515	611.385
371470	25.0	1	0.020202020202020204	1711313461.42	65.4	65.4	32.7	45.9	45.9	1.836	0.007	40.476	3.557	611.764
371473	25.0	2	0.04040404040404041	1711313525.42	33.9	67.8	33.9	23.8	47.6	1.904	0.007	40.438	-0.4	612.146
371476	25.0	2	0.04040404040404041	1711313589.42	14.7	29.4	14.7	10.3	20.6	0.824	0.003	40.4	-4.357	612.525
371479	25.0	2	0.04040404040404041	1711313653.42	87.9	175.9	54.1	61.7	123.4	4.936	0.018	40.365	-8.314	612.897
371482	25.0	3	0.06060606060606061	1711313717.419	36.2	108.6	19.8	25.4	76.2	3.048	0.011	40.334	-12.269	613.275
371488	25.0	1	0.020202020202020204	1711313845.42	24.4	24.4	24.4	17.1	17.1	0.684	0.002	40.297	-20.178	614.014
371494	25.0	3	0.06060606060606061	1711313973.419	40.5	121.4	20.7	28.4	85.2	3.408	0.012	40.314	-28.083	614.733
371497	25.0	2	0.04040404040404041	1711314037.419	41.9	83.8	28.3	29.4	58.8	2.352	0.008	40.353	-32.034	615.093
371500	25.0	4	0.08080808080808081	1711314101.419	54.0	216.2	22.6	37.9	151.7	6.068	0.022	40.419	-35.983	615.452
371503	25.0	6	0.12121212121212122	1711314165.419	56.5	338.8	25.8	39.6	237.8	9.512	0.034	40.52	-39.93	615.803
371506	25.0	24	0.48484848484848486	1711314229.419	38.1	914.8	27.3	26.8	642.0	25.68	0.092	40.666	-43.875	616.156
371509	25.0	65	1.3131313131313131	1711314293.4199998	32.3	2098.3	21.8	22.7	1472.6	58.904	0.212	40.872	-47.818	616.512
371512	25.0	216	4.363636363636363	1711314357.419	34.0	7338.7	24.6	23.8	5150.3	206.012	0.742	41.154	-51.758	616.867
371515	25.0	120	2.4242424242424243	1711314421.4199996	35.9	4303.2	24.9	25.2	3020.0	120.8	0.435	41.542	-55.693	617.232
371518	17.655	10	0.2860665562449759	1711314485.419	33.1	331.4	25.8	23.3	232.6	13.175	0.047	42.078	-59.624	617.602
371521	25.0	8	0.16161616161616163	1711314549.419	32.5	259.6	31.7	22.8	182.2	7.288	0.026	42.826	-63.548	617.978
371524	25.0	6	0.12121212121212122	1711314613.419	25.9	155.5	16.5	18.2	109.1	4.364	0.016	43.897	-67.462	618.363
371527	25.0	22	0.4444444444444444	1711314677.419	40.7	895.9	27.1	28.6	628.7	25.148	0.091	45.498	-71.359	618.751
371530	25.0	6	0.12121212121212122	1711314741.42	45.0	270.2	31.6	31.6	189.6	7.584	0.027	48.034	-75.229	619.153
371533	25.0	6	0.12121212121212122	1711314805.419	41.1	246.3	35.2	28.8	172.9	6.916	0.025	52.497	-79.04	619.557
371536	1.0	1	0.5050505050505051	1711314869.419	34.6	34.6	34.6	24.3	24.3	24.3	0.087	61.755	-82.703	619.972
371539	25.0	8	0.16161616161616163	1711314933.419	24.5	196.1	19.7	17.2	137.6	5.504	0.02	87.012	-85.811	620.388
371542	25.0	17	0.3434343434343434	1711314997.42	37.4	635.0	23.2	26.2	445.6	17.824	0.064	146.96	-86.388	620.813
371545	25.0	10	0.20202020202020202	1711315061.419	47.2	472.2	28.8	33.1	331.4	13.256	0.048	-156.852	-83.71	621.238
371548	25.0	9	0.18181818181818182	1711315125.42	40.4	363.4	27.8	28.3	255.0	10.2	0.037	-165.775	-80.136	621.666
371551	25.0	12	0.24242424242424243	1711315189.419	36.0	432.4	24.6	25.3	303.5	12.14	0.044	-160.372	-76.356	622.099
371554	20.859	4	0.09685037730485738	1711315253.419	52.4	209.7	32.0	36.8	147.2	7.057	0.025	-157.415	-72.503	622.517
371557	25.0	5	0.10101010101010101	1711315317.419	66.5	332.6	32.2	46.7	233.4	9.336	0.034	-155.599	-68.616	622.931
371560	16.098	12	0.37648192698509514	1711315381.419	33.9	406.8	25.6	23.8	285.5	17.735	0.064	-154.399	-64.712	623.331
371563	25.0	65	1.3131313131313131	1711315445.419	32.7	2122.8	23.0	22.9	1489.8	59.592	0.215	-153.572	-60.797	623.718
371566	25.0	235	4.747474747474747	1711315509.4189994	37.2	8745.2	25.2	26.1	6137.4	245.496	0.884	-152.983	-56.876	624.083
371569	25.0	144	2.909090909090909	1711315573.419	38.3	5520.5	27.3	26.9	3874.3	154.972	0.558	-152.557	-52.949	624.415
371572	23.54	30	0.6436497515511959	1711315637.419	38.4	1153.4	30.2	27.0	809.5	34.388	0.124	-152.247	-49.019	624.727
371575	25.0	28	0.5656565656565656	1711315701.419	41.1	1151.6	26.2	28.9	808.2	32.328	0.116	-152.022	-45.087	625.001
371578	25.0	7	0.1414141414141414	1711315765.419	34.8	243.8	17.3	24.4	171.1	6.844	0.025	-151.86	-41.153	625.23
371581	25.0	2	0.04040404040404041	1711315829.419	26.2	52.4	15.6	18.4	36.8	1.472	0.005	-151.747	-37.217	625.419
371584	13.333	1	0.03787973487215968	1711315893.419	53.8	53.8	17.9	37.8	37.8	2.835	0.01	-151.672	-33.28	625.558
371587	25.0	3	0.06060606060606061	1711315957.419	19.0	57.0	11.3	13.3	40.0	1.6	0.006	-151.626	-29.342	625.653
371590	25.0	4	0.08080808080808081	1711316021.419	18.6	74.2	18.6	13.0	52.1	2.084	0.008	-151.604	-25.402	625.69
371593	25.0	1	0.020202020202020204	1711316085.419	22.9	22.9	11.4	16.1	16.1	0.644	0.002	-151.6	-21.463	625.675
371596	25.0	1	0.020202020202020204	1711316149.419	5.3	5.3	5.3	3.7	3.7	0.148	0.001	-151.61	-17.522	625.6
371599	25.0	1	0.020202020202020204	1711316213.419	27.3	27.3	13.6	19.2	19.2	0.768	0.003	-151.631	-13.581	625.463
371602	25.0	1	0.020202020202020204	1711316278.419	67.4	67.4	67.4	47.3	47.3	1.892	0.007	-151.661	-9.577	625.253
371605	25.0	2	0.04040404040404041	1711316342.419	5.6	11.2	5.6	4.0	7.9	0.316	0.001	-151.696	-5.635	624.993
371608	25.0	2	0.04040404040404041	1711316406.419	18.2	36.4	18.2	12.8	25.5	1.02	0.004	-151.734	-1.692	624.67
371611	25.0	3	0.06060606060606061	1711316470.4190001	26.8	80.4	14.5	18.8	56.4	2.256	0.008	-151.773	2.251	624.288
371614	25.0	2	0.04040404040404041	1711316534.419	77.9	155.9	46.9	54.7	109.4	4.376	0.016	-151.811	6.195	623.846
371617	25.0	5	0.10101010101010101	1711316598.419	58.6	293.2	26.4	41.2	205.8	8.232	0.03	-151.845	10.139	623.353
371620	25.0	1	0.020202020202020204	1711316662.419	22.5	22.5	22.5	15.8	15.8	0.632	0.002	-151.873	14.083	622.799
371623	25.0	2	0.04040404040404041	1711316726.419	20.5	41.0	20.5	14.4	28.8	1.152	0.004	-151.893	18.028	622.203
371626	25.0	4	0.08080808080808081	1711316790.42	36.7	146.8	22.8	25.8	103.0	4.12	0.015	-151.902	21.972	621.559
371629	25.0	2	0.04040404040404041	1711316854.419	6.6	13.2	6.6	4.6	9.3	0.372	0.001	-151.895	25.917	620.885
371632	25.0	1	0.020202020202020204	1711316918.519	34.2	34.2	17.1	24.0	24.0	0.96	0.003	-151.87	29.868	620.167
371640	25.0	16	0.32323232323232326	1711317110.419	39.0	623.3	31.6	27.3	437.4	17.496	0.063	-151.62	41.694	617.876
371643	25.0	49	0.98989898989899	1711317174.4189994	38.5	1888.0	26.8	27.0	1325.0	53.0	0.191	-151.45	45.637	617.087
371646	25.0	40	0.8080808080808081	1711317238.419	41.9	1677.1	27.0	29.4	1177.0	47.08	0.169	-151.213	49.578	616.297
371649	25.0	93	1.878787878787879	1711317302.4189992	33.2	3084.2	25.5	23.3	2164.5	86.58	0.312	-150.887	53.517	615.521
371652	12.759	165	6.531337356637144	1711317366.4189994	36.8	6079.1	26.7	25.9	4266.3	334.376	1.204	-150.439	57.453	614.739
371655	25.0	115	2.323232323232323	1711317430.4200008	39.6	4558.5	27.2	27.8	3199.2	127.968	0.461	-149.818	61.385	613.988
371658	25.0	11	0.2222222222222222	1711317494.421	39.9	438.5	28.0	28.0	307.7	12.308	0.044	-148.941	65.309	613.268
371661	25.0	11	0.2222222222222222	1711317558.422	47.6	523.8	28.8	33.4	367.6	14.704	0.053	-147.663	69.223	612.567
371664	25.0	3	0.06060606060606061	1711317622.42	30.3	90.9	25.5	21.3	63.8	2.552	0.009	-145.709	73.117	611.913
371667	25.0	10	0.20202020202020202	1711317686.421	30.9	308.7	19.6	21.7	216.6	8.664	0.031	-142.469	76.974	611.291
