Frame#	acq_t_s	NumEvent	Flux	UnixT	E_mean	SumE	Epx_mean	Dose_clu_pGy	Dose_pGy	DR_pGy_s	DR_uGy_h	Long	Lat	Alt
[#]	[s]	[#]	[#/cm2/s]	[s]	[keV]	[keV]	[keV/px]	[pGy/clu]	[pGy/f]	[pGy/s]	[uGy/h]	[deg]	[deg]	[km]
368646	4.486	42	4.7285156513868065	1711248198.4199998	2395.2	100598.8	73.4	1681.0	70600.8	15738.029	56.657	-60.71	76.829	609.007
368655	4.976	42	4.262886095683523	1711248391.4190001	3574.0	150108.2	75.7	2508.3	105346.8	21170.981	76.216	-54.484	65.609	608.522
368667	23.11	4	0.08741679014288276	1711248647.419	2368.9	9475.4	61.6	1662.5	6649.9	287.75	1.036	-52.149	49.851	608.58
368673	25.0	4	0.08080808080808081	1711248775.42	739.2	2956.6	52.6	518.8	2075.0	83.0	0.299	-51.73	41.949	608.876
368894	25.0	2	0.04040404040404041	1711253256.419	1965.5	3930.9	75.3	1379.4	2758.7	110.348	0.397	117.268	55.216	615.512
368897	25.0	1	0.020202020202020204	1711253320.419	5045.4	5045.4	67.3	3540.9	3540.9	141.636	0.51	117.705	58.628	614.855
368903	5.718	27	2.384813507583707	1711253448.419	3346.8	90364.8	72.8	2348.8	63418.5	11091.028	39.928	119.37	66.479	613.407
368911	3.954	27	3.4487515519381984	1711253640.419	4768.0	128736.7	79.4	3346.2	90348.1	22849.798	82.259	126.906	78.111	611.486
368917	5.412	41	3.8261401897765537	1711253768.419	3362.9	137878.9	73.0	2360.1	96764.2	17879.564	64.366	153.842	85.173	610.422
368920	3.242	29	4.51772506059983	1711253832.419	2401.5	69644.7	72.7	1685.4	48877.0	15076.188	54.274	-152.066	86.642	609.972
369472	25.0	20	0.40404040404040403	1711265355.4190001	2263.2	45264.8	68.2	1588.4	31767.1	1270.684	4.574	87.761	82.432	610.891
369499	6.447	41	3.211892462706795	1711265803.419	3945.5	161764.5	76.1	2769.0	113527.2	17609.307	63.394	-128.601	68.783	608.697
369502	4.648	23	2.499174185921174	1711265867.4190001	2965.0	68195.0	74.3	2080.9	47859.6	10296.816	37.069	-127.44	65.108	608.614
369505	4.237	24	2.860800595046524	1711265931.419	2849.3	68383.3	71.5	1999.7	47991.8	11326.835	40.777	-126.623	61.423	608.579
369587	25.0	3	0.06060606060606061	1711267724.4189994	2780.1	8340.3	62.0	1951.1	5853.3	234.132	0.843	-124.112	-49.734	616.635
369593	25.0	1	0.020202020202020204	1711267852.419	686.4	686.4	62.4	481.7	481.7	19.268	0.069	-123.393	-57.114	617.268
369596	25.0	2	0.04040404040404041	1711267916.419	1115.5	2231.1	59.3	782.9	1565.8	62.632	0.225	-122.835	-60.797	617.601
369599	25.0	2	0.04040404040404041	1711267980.419	494.9	989.8	58.6	347.3	694.6	27.784	0.1	-122.065	-64.474	617.932
369605	4.5	34	3.8159371492704826	1711268108.419	2933.9	99752.5	74.4	2059.0	70006.9	15557.089	56.006	-118.522	-73.266	618.765
369608	3.014	19	3.1837954863834095	1711268172.4200003	2811.4	53416.8	76.3	1973.1	37488.2	12438.023	44.777	-115.74	-76.64	619.102
369635	5.357	32	3.0169154679141608	1711268748.42	3280.1	104963.4	73.1	2302.0	73663.9	13750.961	49.503	39.855	-66.96	622.815
369641	9.717	36	1.8711349368959742	1711268876.4189994	4137.1	148936.1	75.3	2903.4	104524.2	10756.839	38.725	41.513	-59.622	623.541
369644	9.506	16	0.8500744877769915	1711268940.419	2174.4	34790.3	70.6	1526.0	24416.0	2568.483	9.247	42.018	-55.944	623.866
369689	25.0	1	0.020202020202020204	1711269900.419	707.7	707.7	50.5	496.7	496.7	19.868	0.072	43.108	3.13	624.017
369731	25.0	2	0.04040404040404041	1711270796.419	783.9	1567.8	64.8	550.2	1100.3	44.012	0.158	44.608	58.576	614.68
369758	25.0	1	0.020202020202020204	1711277868.42	1195.5	1195.5	66.4	839.0	839.0	33.56	0.121	-173.598	43.432	608.818
369848	6.893	44	3.2238825217209084	1711279788.419	3945.1	173583.7	70.9	2768.7	121822.0	17673.292	63.624	-166.054	-74.928	618.977
369853	5.722	44	3.8836459668336634	1711279916.419	2301.5	101267.8	70.5	1615.2	71070.3	12420.535	44.714	-154.686	-81.983	619.734
369856	4.23	24	2.8655347804283973	1711279980.42	4088.7	98129.8	79.5	2869.5	68868.0	16280.851	58.611	-136.632	-85.106	620.12
369889	25.0	2	0.04040404040404041	1711280684.419	1379.1	2758.2	70.1	967.8	1935.7	77.428	0.279	-6.081	-49.078	624.518
369892	25.0	8	0.16161616161616163	1711280748.419	2742.0	21935.9	77.5	1924.3	15394.7	615.788	2.217	-5.867	-45.391	624.775
369895	25.0	17	0.3434343434343434	1711280812.42	2646.7	44993.3	74.2	1857.4	31576.6	1263.064	4.547	-5.71	-41.702	624.995
369898	5.113	25	2.469443110945164	1711280876.42	3207.0	80173.8	78.7	2250.7	56266.4	11004.577	39.616	-5.597	-38.013	625.182
369946	25.0	1	0.020202020202020204	1711281837.419	2265.5	2265.5	55.3	1589.9	1589.9	63.596	0.229	-5.734	21.116	621.618
369949	25.0	1	0.020202020202020204	1711281901.419	1221.6	1221.6	45.2	857.3	857.3	34.292	0.123	-5.731	24.814	621.007
369982	3.29	27	4.144791378833932	1711282605.4200003	3093.3	83518.1	72.6	2170.9	58613.5	17815.653	64.136	-1.698	68.706	612.732
369985	5.207	34	3.297813937337655	1711282669.4210002	3354.0	114035.2	77.6	2353.8	80030.5	15369.791	55.331	0.144	72.603	612.079
369988	3.259	20	3.0994200984995706	1711282733.4209998	2534.5	50689.4	70.9	1778.7	35574.1	10915.649	39.296	3.151	76.467	611.456
369994	7.6	46	3.056884635832004	1711282861.4210002	4110.1	189066.8	80.2	2884.5	132688.1	17458.961	62.852	21.102	83.828	610.371
370000	5.674	35	3.115397898619612	1711282989.4210002	2737.1	95799.4	66.5	1920.9	67232.6	11849.242	42.657	117.365	85.709	609.487
370003	6.049	36	3.0057560227836304	1711283053.4200003	3379.9	121677.0	75.3	2372.0	85393.6	14116.978	50.821	141.273	82.627	609.143
370033	25.0	2	0.04040404040404041	1711283693.42	597.4	1194.9	66.4	419.3	838.6	33.544	0.121	162.031	43.68	608.646
370036	25.0	1	0.020202020202020204	1711283757.419	11779.6	11779.6	76.0	8267.0	8267.0	330.68	1.19	162.168	39.974	608.843
370039	25.0	1	0.020202020202020204	1711283821.419	192.2	192.2	38.4	134.9	134.9	5.396	0.019	162.265	36.266	609.074
370105	25.0	12	0.24242424242424243	1711285229.419	2028.9	24346.7	73.3	1423.9	17086.7	683.468	2.46	162.957	-51.742	616.805
370108	5.744	36	3.165358318561661	1711285293.4190004	3602.5	129691.1	75.2	2528.3	91017.9	15845.735	57.045	163.293	-55.228	617.119
370123	8.523	47	2.7850960621111973	1711285614.4190001	3280.2	154168.1	76.7	2302.0	108196.0	12694.591	45.701	169.392	-74.688	618.994
370126	9.814	47	2.4187256712221052	1711285678.4190001	3630.1	170617.0	77.3	2547.7	119740.0	12200.937	43.923	173.135	-78.275	619.367
370162	25.0	2	0.04040404040404041	1711286382.419	1000.5	2001.0	25.4	702.2	1404.3	56.172	0.202	-31.149	-56.689	623.986
370170	6.962	26	1.8861409266465288	1711286574.4190001	3248.6	84462.6	73.4	2279.9	59276.3	8514.263	30.651	-30.24	-45.637	624.85
370173	1.972	26	6.658880898231811	1711286638.4190001	2196.0	57095.6	69.0	1541.2	40070.0	20319.473	73.15	-30.079	-41.949	625.075
370222	19.747	3	0.07672818732726566	1711287342.4190001	3372.6	10117.9	69.8	2366.9	7100.8	359.589	1.295	-29.967	2.378	624.222
370234	25.0	1	0.020202020202020204	1711287598.419	1062.9	1062.9	25.9	745.9	745.9	29.836	0.107	-30.083	17.169	622.31
370267	25.0	21	0.42424242424242425	1711288302.4190001	2461.6	51693.8	69.3	1727.6	36279.0	1451.16	5.224	-27.99	61.512	614.029
370273	5.88	28	2.405002405002405	1711288430.4200003	2883.7	80744.5	73.3	2023.8	56666.9	9637.228	34.694	-26.001	68.861	612.695
370276	9.617	41	2.1531736203671317	1711288494.42	3155.9	129392.8	76.9	2214.8	90808.6	9442.508	33.993	-24.271	72.514	612.071
370279	5.55	31	2.8210028210028213	1711288558.4200003	3005.8	93178.7	74.8	2109.5	65393.3	11782.577	42.417	-21.539	76.139	611.492
370317	25.0	1	0.020202020202020204	1711289391.419	779.9	779.9	60.0	547.3	547.3	21.892	0.079	137.207	51.336	608.234
370320	25.0	1	0.020202020202020204	1711289455.419	631.3	631.3	57.4	443.0	443.0	17.72	0.064	137.467	47.633	608.366
370401	6.369	32	2.5375437528051754	1711291183.419	3010.7	96342.9	74.9	2112.9	67614.0	10616.109	38.218	139.552	-59.812	617.477
370404	12.675	41	1.633693941386249	1711291247.419	3724.7	152712.5	77.0	2614.0	107174.5	8455.582	30.44	140.256	-63.49	617.823
370410	5.145	20	1.9632672693897186	1711291375.4199998	2889.4	57787.4	72.2	2027.8	40555.5	7882.507	28.377	142.672	-70.816	618.555
370445	25.0	3	0.06060606060606061	1711292143.419	579.8	1739.3	49.4	406.9	1220.7	48.828	0.176	-56.091	-60.609	623.736
370456	8.474	38	2.264800471078498	1711292399.4189994	3965.5	150688.3	70.0	2783.0	105753.9	12479.809	44.927	-54.615	-45.881	624.975
370515	25.0	2	0.04040404040404041	1711293360.42	727.3	1454.6	46.4	510.4	1020.8	40.832	0.147	-54.422	13.223	623.075
370550	9.32	14	0.7586595569428187	1711294128.4190001	3344.9	46828.5	74.0	2347.5	32864.5	3526.234	12.694	-52.396	61.263	614.212
370553	11.653	27	1.1702019768612062	1711294192.4189992	3541.8	95628.5	74.2	2485.7	67112.6	5759.255	20.733	-51.593	64.942	613.526
370559	18.619	44	1.1935239391064085	1711294320.4189994	3868.5	170213.6	75.9	2714.9	119456.9	6415.86	23.097	-48.772	72.268	612.238
370571	15.278	37	1.2231227049920597	1711294576.4200006	3093.1	114445.9	72.1	2170.8	80318.8	5257.154	18.926	11.952	86.502	609.931
370574	11.48	27	1.1878365536902122	1711294640.4200006	3061.0	82647.5	77.7	2148.2	58002.5	5052.483	18.189	70.455	85.595	609.508
370577	11.48	30	1.3198183929891247	1711294704.4210005	4254.4	127630.7	70.5	2985.7	89571.9	7802.43	28.089	93.402	82.386	609.136
370592	18.513	21	0.5728979963301791	1711295024.419	2928.0	61487.6	70.2	2054.9	43152.3	2330.919	8.391	111.326	62.673	608.161
370595	14.114	7	0.2504855841967929	1711295088.4190001	2553.2	17872.6	63.8	1791.9	12543.1	888.699	3.199	111.984	58.983	608.149
370598	25.0	2	0.04040404040404041	1711295152.419	1357.0	2714.1	59.1	952.4	1904.8	76.192	0.274	112.466	55.287	608.176
370604	25.0	2	0.04040404040404041	1711295280.419	4971.3	9942.6	61.2	3488.9	6977.8	279.112	1.005	113.088	47.885	608.365
370643	25.0	1	0.020202020202020204	1711296112.419	503.0	503.0	100.6	353.0	353.0	14.12	0.051	113.487	-4.044	612.406
370646	25.0	2	0.04040404040404041	1711296176.419	1701.8	3403.6	36.0	1194.4	2388.7	95.548	0.344	113.454	-7.753	612.75
370682	20.014	20	0.504697216998606	1711296944.419	2846.9	56937.6	75.8	1998.0	39959.1	1996.557	7.188	114.649	-55.876	617.109
370688	25.0	12	0.24242424242424243	1711297073.419	2945.8	35349.2	80.7	2067.4	24808.3	992.332	3.572	115.843	-63.24	617.823
370691	25.0	25	0.5050505050505051	1711297137.419	2730.3	68258.6	77.4	1916.2	47904.3	1916.172	6.898	116.807	-66.91	618.188
370694	25.0	28	0.5656565656565656	1711297201.4190001	2736.3	76615.9	73.1	1920.3	53769.5	2150.78	7.743	118.199	-70.568	618.56
370780	25.0	9	0.18181818181818182	1711298865.42	9805.2	88247.2	48.9	6881.4	61932.4	2477.296	8.918	-78.613	-5.515	625.194
370824	25.0	27	0.5454545454545454	1711299825.42	3655.7	98704.7	72.0	2565.6	69271.5	2770.86	9.975	-77.788	53.633	615.668
370827	18.272	26	0.7186576801287835	1711299889.42	2598.3	67556.4	70.7	1823.5	47411.5	2594.762	9.341	-77.368	57.323	614.937
370830	14.673	16	0.5507263736664677	1711299953.419	3309.2	52947.2	69.9	2322.4	37158.6	2532.447	9.117	-76.799	61.009	614.222
370873	20.288	16	0.3983048147086002	1711300785.42	4314.1	69025.9	71.6	3027.7	48442.8	2387.756	8.596	85.968	66.607	608.211
370879	25.0	19	0.3838383838383838	1711300914.419	3372.5	64078.2	73.5	2366.9	44970.4	1798.816	6.476	87.581	59.236	608.128
370882	25.0	3	0.06060606060606061	1711300978.4190001	3258.5	9775.6	77.3	2286.9	6860.6	274.424	0.988	88.073	55.54	608.163
370921	25.0	1	0.020202020202020204	1711301810.42	4003.6	4003.6	26.9	2809.7	2809.7	112.388	0.405	89.199	3.631	611.73
370960	14.683	12	0.41276347208377445	1711302642.42	3768.3	45219.8	77.3	2644.6	31735.5	2161.377	7.781	89.623	-48.238	616.577
370963	10.817	9	0.42021397295502866	1711302706.419	2664.5	23980.2	70.9	1869.9	16829.4	1555.829	5.601	89.895	-51.931	616.91
370969	14.693	19	0.6530973658177088	1711302834.4199998	2371.9	45066.2	70.2	1664.6	31627.7	2152.569	7.749	90.754	-59.306	617.615
370972	16.64	16	0.4856254856254856	1711302898.419	2235.1	35762.4	67.6	1568.6	25098.3	1508.311	5.43	91.428	-62.985	617.97
370996	25.0	14	0.2828282828282828	1711303372.0220003	2275.0	31849.8	70.5	1596.6	22352.4	894.096	3.219	-146.897	-85.654	621.078
371007	25.0	17	0.3434343434343434	1711303602.419	5429.4	92299.1	69.1	3810.4	64776.0	2591.04	9.328	-108.463	-72.091	622.707
371010	25.0	13	0.26262626262626265	1711303666.42	3246.4	42203.8	74.3	2278.4	29618.9	1184.756	4.265	-106.817	-68.446	623.093
371013	10.992	1	0.04594709834884507	1711303730.42	488.2	488.2	37.6	342.6	342.6	31.168	0.112	-105.699	-64.786	623.479
371057	25.0	1	0.020202020202020204	1711304690.419	1212.8	1212.8	57.8	851.1	851.1	34.044	0.123	-102.972	-5.774	625.149
371096	25.0	1	0.020202020202020204	1711305523.419	365.1	365.1	52.2	256.2	256.2	10.248	0.037	-102.705	45.989	617.094
371099	25.0	4	0.08080808080808081	1711305587.419	4021.6	16086.3	74.5	2822.4	11289.5	451.58	1.626	-102.478	49.684	616.344
371102	19.747	18	0.460369123963594	1711305651.419	2924.6	52643.6	75.6	2052.5	36945.6	1870.947	6.735	-102.173	53.377	615.609
371105	25.0	22	0.4444444444444444	1711305715.5190003	2536.6	55804.9	68.3	1780.2	39164.2	1566.568	5.64	-101.762	57.067	614.879
371108	13.324	8	0.303242572831285	1711305779.419	3416.0	27327.9	70.7	2397.4	19178.9	1439.425	5.182	-101.204	60.753	614.165
371141	21.78	8	0.18550982738310562	1711306483.419	2662.2	21297.4	66.8	1868.3	14946.6	686.253	2.471	58.02	74.175	608.424
371144	25.0	13	0.26262626262626265	1711306547.4190004	2711.1	35244.6	63.5	1902.7	24734.9	989.396	3.562	60.137	70.529	608.259
371149	24.295	11	0.22867073700578536	1711306675.4190001	2309.7	25406.5	70.2	1620.9	17830.4	733.912	2.642	62.536	62.969	608.073
371152	25.0	13	0.26262626262626265	1711306739.4190004	1970.1	25610.7	68.3	1382.6	17973.7	718.948	2.588	63.25	59.034	608.064
371161	25.0	1	0.020202020202020204	1711306931.419	770.8	770.8	59.3	541.0	541.0	21.64	0.078	64.404	47.196	608.33
371170	25.0	1	0.020202020202020204	1711307123.419	1494.4	1494.4	62.3	1048.8	1048.8	41.952	0.151	64.836	35.335	608.98
371173	25.0	1	0.020202020202020204	1711307187.419	711.5	711.5	35.6	499.3	499.3	19.972	0.072	64.898	31.379	609.264
371182	25.0	1	0.020202020202020204	1711307379.419	2127.2	2127.2	22.6	1492.9	1492.9	59.716	0.215	64.945	19.506	610.25
371185	25.0	1	0.020202020202020204	1711307443.419	4587.4	4587.4	19.3	3219.5	3219.5	128.78	0.464	64.93	15.548	610.614
371188	25.0	1	0.020202020202020204	1711307507.419	191.6	191.6	38.3	134.5	134.5	5.38	0.019	64.905	11.59	610.985
371215	25.0	1	0.020202020202020204	1711308083.419	1471.4	1471.4	56.6	1032.6	1032.6	41.304	0.149	64.659	-24.014	614.41
371224	25.0	2	0.04040404040404041	1711308275.419	3720.9	7441.7	75.2	2611.3	5222.6	208.904	0.752	64.779	-35.865	615.5
371230	25.0	3	0.06060606060606061	1711308367.1190004	1450.1	4350.3	51.1	1017.7	3053.1	122.124	0.44	64.936	-41.52	616.012
371233	25.0	3	0.06060606060606061	1711308403.419	2735.2	8205.6	47.7	1919.6	5758.7	230.348	0.829	65.024	-43.758	616.221
371236	25.0	5	0.10101010101010101	1711308467.419	2480.8	12404.2	71.9	1741.1	8705.3	348.212	1.254	65.227	-47.7	616.579
371239	25.0	1	0.020202020202020204	1711308531.419	830.5	830.5	69.2	582.8	582.8	23.312	0.084	65.508	-51.64	616.944
371242	23.172	14	0.30514012906555626	1711308596.4189994	2615.4	36615.6	71.1	1835.5	25697.0	1108.968	3.992	65.9	-55.637	617.312
371245	25.0	8	0.16161616161616163	1711308660.419	6392.4	51139.1	63.8	4486.2	35889.7	1435.588	5.168	66.432	-59.568	617.687
371248	25.0	13	0.26262626262626265	1711308724.4189994	1571.6	20430.3	64.1	1102.9	14338.1	573.524	2.065	67.177	-63.492	618.069
371251	25.0	10	0.20202020202020202	1711308788.42	3167.9	31678.6	72.0	2223.2	22232.2	889.288	3.201	68.244	-67.406	618.452
371257	25.0	15	0.30303030303030304	1711308916.4200006	2692.8	40392.5	71.1	1889.8	28347.7	1133.908	4.082	72.358	-75.173	619.248
371260	25.0	12	0.24242424242424243	1711308980.42	2850.9	34211.3	69.6	2000.8	24009.7	960.388	3.457	76.773	-78.985	619.662
371263	25.0	12	0.24242424242424243	1711309044.42	1980.9	23770.5	71.8	1390.2	16682.3	667.292	2.402	85.927	-82.652	620.074
371266	17.4	5	0.14512945547428308	1711309108.419	2526.5	12632.3	59.5	1773.1	8865.4	509.506	1.834	110.833	-85.772	620.498
371269	25.0	11	0.2222222222222222	1711309172.419	2451.0	26961.0	73.0	1720.1	18921.4	756.856	2.725	170.595	-86.418	620.923
371272	25.0	7	0.1414141414141414	1711309236.4190001	3081.2	21568.7	67.6	2162.4	15137.0	605.48	2.18	-153.738	-83.756	621.353
371275	25.0	8	0.16161616161616163	1711309300.42	2513.2	20105.2	66.9	1763.7	14109.9	564.396	2.032	-141.524	-80.189	621.774
371278	25.0	11	0.2222222222222222	1711309364.42	2373.1	26103.9	68.8	1665.4	18319.9	732.796	2.638	-136.071	-76.411	622.209
371281	25.0	1	0.020202020202020204	1711309428.419	1729.8	1729.8	101.8	1214.0	1214.0	48.56	0.175	-133.092	-72.559	622.629
371284	25.0	7	0.1414141414141414	1711309492.42	2398.1	16786.4	76.0	1683.0	11780.8	471.232	1.696	-131.261	-68.673	623.035
371287	25.0	8	0.16161616161616163	1711309556.42	2453.2	19625.2	69.2	1721.6	13773.1	550.924	1.983	-130.056	-64.769	623.438
371298	8.661	2	0.11662637225505255	1711309748.419	1551.2	3102.4	56.3	1088.6	2177.3	251.391	0.905	-128.203	-53.007	624.516
371304	25.0	1	0.020202020202020204	1711309876.419	224.5	224.5	44.9	157.6	157.6	6.304	0.023	-127.664	-45.145	625.089
371310	25.0	2	0.04040404040404041	1711310004.419	1062.7	2125.3	38.8	745.8	1491.5	59.66	0.215	-127.387	-37.275	625.501
371313	25.0	1	0.020202020202020204	1711310068.42	1081.5	1081.5	43.3	759.0	759.0	30.36	0.109	-127.312	-33.338	625.643
371322	25.0	1	0.020202020202020204	1711310260.419	380.9	380.9	47.6	267.3	267.3	10.692	0.038	-127.238	-21.522	625.735
371343	25.0	2	0.04040404040404041	1711310708.419	454.5	909.0	56.2	319.0	637.9	25.516	0.092	-127.448	6.074	623.891
371364	25.0	1	0.020202020202020204	1711311156.419	6971.7	6971.7	80.1	4892.8	4892.8	195.712	0.705	-127.459	33.685	619.441
371370	25.0	1	0.020202020202020204	1711311284.519	259.2	259.2	51.8	181.9	181.9	7.276	0.026	-127.261	41.579	617.891
371373	25.0	1	0.020202020202020204	1711311348.42	1832.6	1832.6	53.9	1286.1	1286.1	51.444	0.185	-127.092	45.516	617.101
371376	25.0	3	0.06060606060606061	1711311412.42	1756.2	5268.5	54.8	1232.5	3697.5	147.9	0.532	-126.857	49.457	616.315
371379	25.0	4	0.08080808080808081	1711311476.419	1529.8	6119.0	65.0	1073.6	4294.3	171.772	0.618	-126.534	53.396	615.53
371382	24.684	12	0.2455277127129339	1711311540.4189994	2468.8	29626.1	75.7	1732.6	20791.8	842.319	3.032	-126.091	57.332	614.759
371385	25.0	13	0.26262626262626265	1711311604.4189994	3330.0	43289.7	73.8	2337.0	30381.0	1215.24	4.375	-125.475	61.264	614.008
371390	25.0	7	0.1414141414141414	1711311732.4190001	1794.3	12560.0	64.6	1259.2	8814.7	352.588	1.269	-123.345	69.103	612.586
371393	25.0	14	0.2828282828282828	1711311796.4189994	2869.4	40171.5	74.6	2013.8	28192.6	1127.704	4.06	-121.413	72.998	611.928
371396	25.0	14	0.2828282828282828	1711311860.4200003	3179.7	44516.3	73.5	2231.6	31241.8	1249.672	4.499	-118.232	76.856	611.308
371399	18.284	3	0.0828676173239726	1711311924.4189994	3848.0	11544.1	69.9	2700.6	8101.7	443.103	1.595	-112.286	80.632	610.737
371402	25.0	11	0.2222222222222222	1711311988.42	2538.2	27920.6	66.6	1781.3	19594.8	783.792	2.822	-98.52	84.16	610.216
371405	18.284	3	0.0828676173239726	1711312052.4189994	1607.0	4821.0	66.2	1127.8	3383.4	185.047	0.666	-57.671	86.573	609.748
371408	18.284	7	0.19335777375593607	1711312116.4190001	3943.5	27604.6	62.6	2767.6	19373.1	1059.566	3.814	-0.57	85.441	609.338
371413	18.025	9	0.2521750094565629	1711312244.419	2439.3	21953.8	72.3	1711.9	15407.3	854.774	3.077	29.238	78.475	608.69
371416	25.0	15	0.30303030303030304	1711312308.4200006	3168.9	47533.0	63.1	2223.9	33358.9	1334.356	4.804	33.311	74.64	608.448
371422	25.0	15	0.30303030303030304	1711312436.6220002	3491.6	52373.4	73.6	2450.4	36755.9	1470.236	5.293	37.179	66.829	608.156
371425	25.0	11	0.2222222222222222	1711312501.419	2512.4	27636.9	74.1	1763.2	19395.7	775.828	2.793	38.203	62.853	608.091
371428	25.0	1	0.020202020202020204	1711312565.419	3052.9	3052.9	89.8	2142.5	2142.5	85.7	0.309	38.909	58.917	608.082
371431	25.0	1	0.020202020202020204	1711312629.419	732.9	732.9	61.1	514.4	514.4	20.576	0.074	39.415	54.975	608.13
371434	25.0	1	0.020202020202020204	1711312693.419	234.6	234.6	46.9	164.6	164.6	6.584	0.024	39.784	51.028	608.223
371446	25.0	1	0.020202020202020204	1711312949.419	22216.5	22216.5	78.5	15591.7	15591.7	623.668	2.245	40.478	35.218	609.016
371449	25.0	1	0.020202020202020204	1711313013.419	489.4	489.4	54.4	343.5	343.5	13.74	0.049	40.539	31.261	609.296
371479	25.0	1	0.020202020202020204	1711313653.42	2183.5	2183.5	72.8	1532.4	1532.4	61.296	0.221	40.365	-8.314	612.897
371494	25.0	2	0.04040404040404041	1711313973.419	8341.8	16683.6	64.6	5854.3	11708.6	468.344	1.686	40.314	-28.083	614.733
371503	25.0	4	0.08080808080808081	1711314165.419	742.0	2967.8	68.9	520.7	2082.8	83.312	0.3	40.52	-39.93	615.803
371509	25.0	1	0.020202020202020204	1711314293.42	604.5	604.5	55.0	424.2	424.2	16.968	0.061	40.872	-47.818	616.512
371512	25.0	1	0.020202020202020204	1711314357.419	638.3	638.3	58.0	448.0	448.0	17.92	0.065	41.154	-51.758	616.867
371515	25.0	16	0.32323232323232326	1711314421.42	2621.7	41947.4	67.9	1839.9	29438.9	1177.556	4.239	41.542	-55.694	617.232
371518	17.655	9	0.25745990062047835	1711314485.419	2485.4	22368.3	71.1	1744.2	15698.2	889.165	3.201	42.078	-59.624	617.602
371521	25.0	21	0.42424242424242425	1711314549.419	3341.0	70160.6	77.2	2344.7	49239.1	1969.564	7.09	42.826	-63.548	617.978
371524	25.0	16	0.32323232323232326	1711314613.419	2535.6	40569.2	72.7	1779.5	28471.7	1138.868	4.1	43.897	-67.462	618.363
371527	25.0	15	0.30303030303030304	1711314677.419	2486.7	37301.0	76.1	1745.2	26178.1	1047.124	3.77	45.498	-71.359	618.751
371530	25.0	5	0.10101010101010101	1711314741.42	2494.1	12470.7	69.9	1750.4	8752.0	350.08	1.26	48.034	-75.229	619.153
371533	25.0	13	0.26262626262626265	1711314805.419	2741.8	35643.3	72.9	1924.2	25014.7	1000.588	3.602	52.497	-79.04	619.557
371539	25.0	11	0.2222222222222222	1711314933.419	2483.8	27321.8	75.4	1743.1	19174.6	766.984	2.761	87.013	-85.811	620.388
371542	25.0	13	0.26262626262626265	1711314997.4199998	2488.1	32344.8	74.6	1746.1	22699.8	907.992	3.269	146.96	-86.388	620.813
371545	25.0	5	0.10101010101010101	1711315061.419	2724.7	13623.6	75.9	1912.2	9561.1	382.444	1.377	-156.852	-83.71	621.238
371548	25.0	3	0.06060606060606061	1711315125.42	1825.4	5476.2	66.9	1281.1	3843.2	153.728	0.553	-165.775	-80.136	621.666
371551	25.0	4	0.08080808080808081	1711315189.419	2951.3	11805.3	79.5	2071.2	8285.0	331.4	1.193	-160.372	-76.356	622.099
371554	20.859	15	0.3631889148932152	1711315253.419	1647.4	24711.4	73.2	1156.2	17342.6	831.42	2.993	-157.415	-72.503	622.517
371557	25.0	10	0.20202020202020202	1711315317.419	4612.2	46121.7	76.2	3236.8	32368.5	1294.74	4.661	-155.599	-68.616	622.931
371560	16.098	11	0.34510843306967054	1711315381.419	3378.5	37163.5	72.2	2371.1	26081.6	1620.176	5.833	-154.399	-64.712	623.331
371563	25.0	8	0.16161616161616163	1711315445.419	1481.9	11855.1	71.3	1040.0	8320.0	332.8	1.198	-153.572	-60.797	623.718
371566	25.0	1	0.020202020202020204	1711315509.419	991.5	991.5	45.1	695.8	695.8	27.832	0.1	-152.983	-56.876	624.083
371572	23.54	2	0.042909983436746395	1711315637.419	6784.4	13568.8	61.3	4761.4	9522.7	404.533	1.456	-152.247	-49.019	624.727
371578	25.0	1	0.020202020202020204	1711315765.419	293.6	293.6	48.9	206.1	206.1	8.244	0.03	-151.86	-41.153	625.23
371581	25.0	2	0.04040404040404041	1711315829.419	3085.3	6170.6	65.3	2165.3	4330.6	173.224	0.624	-151.747	-37.217	625.419
371593	25.0	1	0.020202020202020204	1711316085.419	3040.4	3040.4	67.6	2133.8	2133.8	85.352	0.307	-151.6	-21.463	625.675
371596	25.0	1	0.020202020202020204	1711316149.419	448.9	448.9	26.4	315.0	315.0	12.6	0.045	-151.61	-17.522	625.6
371614	25.0	1	0.020202020202020204	1711316534.419	1131.1	1131.1	66.5	793.8	793.8	31.752	0.114	-151.811	6.195	623.846
371620	25.0	1	0.020202020202020204	1711316662.419	881.0	881.0	62.9	618.3	618.3	24.732	0.089	-151.873	14.083	622.799
371632	25.0	1	0.020202020202020204	1711316918.519	630.5	630.5	63.0	442.5	442.5	17.7	0.064	-151.87	29.868	620.167
371643	25.0	3	0.06060606060606061	1711317174.4190001	1002.5	3007.5	38.4	703.6	2110.7	84.428	0.304	-151.45	45.637	617.087
371646	25.0	1	0.020202020202020204	1711317238.419	2350.8	2350.8	42.7	1649.8	1649.8	65.992	0.238	-151.213	49.578	616.297
371652	12.759	1	0.03958386276749785	1711317366.419	1121.8	1121.8	56.1	787.3	787.3	61.705	0.222	-150.439	57.453	614.739
371655	25.0	5	0.10101010101010101	1711317430.42	2255.5	11277.7	67.8	1583.0	7914.8	316.592	1.14	-149.818	61.385	613.988
371658	25.0	10	0.20202020202020202	1711317494.421	2580.4	25804.3	71.3	1811.0	18109.6	724.384	2.608	-148.941	65.309	613.268
371661	25.0	4	0.08080808080808081	1711317558.4220002	2333.3	9333.0	79.1	1637.5	6550.0	262.0	0.943	-147.663	69.223	612.567
371664	25.0	8	0.16161616161616163	1711317622.42	1442.4	11538.8	65.3	1012.2	8098.0	323.92	1.166	-145.709	73.117	611.913
371667	25.0	6	0.12121212121212122	1711317686.421	1781.9	10691.6	65.7	1250.6	7503.4	300.136	1.08	-142.469	76.974	611.291
