Frame#	acq_t_s	NumEvent	Flux	UnixT	E_mean	SumE	Epx_mean	Dose_clu_pGy	Dose_pGy	DR_pGy_s	DR_uGy_h	Long	Lat	Alt
[#]	[s]	[#]	[#/cm2/s]	[s]	[keV]	[keV]	[keV/px]	[pGy/clu]	[pGy/f]	[pGy/s]	[uGy/h]	[deg]	[deg]	[km]
368017	25.0	9	0.18181818181818182	1711235203.419	211.7	1905.1	17.2	148.6	1337.0	53.48	0.193	-170.836	19.506	621.944
368020	25.0	4	0.08080808080808081	1711235267.419	62.3	249.3	20.4	43.8	175.0	7.0	0.025	-170.84	22.86	621.416
368646	4.486	48	5.404017887299207	1711248198.42	2229.4	107013.2	67.3	1564.6	75102.5	16741.529	60.27	-60.71	76.829	609.007
368655	4.976	51	5.176361687615707	1711248391.4190001	2954.4	150673.8	66.2	2073.4	105743.7	21250.744	76.503	-54.484	65.609	608.522
368667	23.11	20	0.43708395071441375	1711248647.4189994	592.9	11857.2	37.5	416.1	8321.4	360.078	1.296	-52.149	49.851	608.58
368670	25.0	17	0.3434343434343434	1711248711.42	487.4	8286.6	22.0	342.1	5815.6	232.624	0.837	-51.905	45.901	608.708
368673	25.0	14	0.2828282828282828	1711248775.4199998	442.7	6197.9	35.0	310.7	4349.7	173.988	0.626	-51.73	41.949	608.876
368894	25.0	41	0.8282828282828283	1711253256.419	233.5	9574.2	26.3	163.9	6719.2	268.768	0.968	117.268	55.216	615.512
368897	25.0	12	0.24242424242424243	1711253320.4190001	591.5	7098.3	38.0	415.1	4981.6	199.264	0.717	117.705	58.628	614.855
368900	25.0	13	0.26262626262626265	1711253384.42	170.8	2219.9	31.0	119.8	1557.9	62.316	0.224	118.392	62.557	614.119
368903	5.718	50	4.416321310340198	1711253448.4190001	1859.8	92991.1	52.1	1305.2	65261.7	11413.379	41.088	119.37	66.479	613.407
368911	3.954	36	4.598335402584264	1711253640.419	3610.5	129976.5	64.5	2533.8	91218.2	23069.853	83.051	126.906	78.111	611.486
368917	5.412	57	5.319268068713745	1711253768.4190001	2484.3	141607.0	59.6	1743.5	99380.6	18363.008	66.107	153.842	85.173	610.422
368920	3.242	35	5.452426797275656	1711253832.419	2017.7	70620.5	65.5	1416.1	49561.9	15287.446	55.035	-152.066	86.642	609.972
369299	25.0	8	0.16161616161616163	1711261770.419	232.0	1856.3	24.2	162.8	1302.8	52.112	0.188	-100.182	-41.268	615.873
369472	25.0	25	0.5050505050505051	1711265355.419	1834.2	45854.2	58.1	1287.2	32180.7	1287.228	4.634	87.761	82.432	610.891
369499	6.447	56	4.386975071014159	1711265803.4189994	2927.2	163921.4	61.8	2054.3	115041.0	17844.114	64.239	-128.601	68.783	608.697
369502	4.648	39	4.237730141344599	1711265867.4190001	1803.2	70323.6	51.8	1265.5	49353.5	10618.223	38.226	-127.44	65.108	608.614
369505	4.237	34	4.052800842982576	1711265931.419	2109.0	71704.7	58.9	1480.1	50322.8	11876.988	42.757	-126.623	61.423	608.579
369543	25.0	7	0.1414141414141414	1711266763.4189994	191.0	1336.7	21.3	134.0	938.1	37.524	0.135	-124.582	9.546	611.522
369546	25.0	6	0.12121212121212122	1711266827.419	99.1	594.7	33.2	69.6	417.4	16.696	0.06	-124.614	5.836	611.856
369552	25.0	5	0.10101010101010101	1711266955.419	100.0	500.2	20.0	70.2	351.0	14.04	0.051	-124.684	-1.583	612.535
369587	25.0	26	0.5252525252525253	1711267724.4189994	576.6	14992.5	33.2	404.7	10521.8	420.872	1.515	-124.112	-49.734	616.635
369590	25.0	50	1.0101010101010102	1711267788.4190004	128.2	6407.7	22.3	89.9	4497.0	179.88	0.648	-123.805	-53.425	616.95
369593	25.0	28	0.5656565656565656	1711267852.4189994	262.1	7339.1	26.4	184.0	5150.6	206.024	0.742	-123.393	-57.114	617.268
369596	25.0	50	1.0101010101010102	1711267916.4190004	197.9	9894.0	28.3	138.9	6943.7	277.748	1.0	-122.835	-60.797	617.601
369599	25.0	120	2.4242424242424243	1711267980.4189994	112.7	13527.8	24.7	79.1	9493.9	379.756	1.367	-122.065	-64.474	617.932
369605	4.5	131	14.702581369248035	1711268108.4190004	803.7	105286.3	38.7	564.0	73890.5	16420.111	59.112	-118.522	-73.266	618.765
369608	3.014	35	5.864886422285228	1711268172.4199998	1622.2	56775.9	53.0	1138.4	39845.6	13220.173	47.593	-115.74	-76.64	619.102
369635	5.357	69	6.5052239776899095	1711268748.4200006	1572.6	108509.3	45.2	1103.7	76152.4	14215.494	51.176	39.855	-66.96	622.815
369641	9.717	155	8.056275422746555	1711268876.4190001	998.7	154800.8	38.1	700.9	108640.1	11180.416	40.249	41.513	-59.622	623.541
369644	9.506	146	7.756929700965047	1711268940.4190001	288.0	42052.0	30.7	202.1	29512.3	3104.597	11.177	42.019	-55.944	623.866
369677	25.0	6	0.12121212121212122	1711269644.42	250.1	1500.3	30.0	175.5	1052.9	42.116	0.152	43.244	-11.656	625.132
369680	25.0	15	0.30303030303030304	1711269708.4200006	171.8	2577.1	23.4	120.6	1808.6	72.344	0.26	43.214	-7.96	624.922
369683	25.0	17	0.3434343434343434	1711269772.419	286.6	4871.8	25.7	201.1	3419.1	136.764	0.492	43.18	-4.264	624.674
369686	25.0	4	0.08080808080808081	1711269836.42	366.1	1464.4	22.2	256.9	1027.7	41.108	0.148	43.144	-0.567	624.368
369689	25.0	20	0.40404040404040403	1711269900.4189994	319.4	6388.2	25.8	224.2	4483.3	179.332	0.646	43.108	3.13	624.017
369722	25.0	20	0.40404040404040403	1711270604.4189994	334.1	6681.2	24.4	234.4	4688.9	187.556	0.675	43.544	47.501	616.801
369725	25.0	8	0.16161616161616163	1711270668.419	316.4	2531.4	30.0	222.1	1776.6	71.064	0.256	43.799	51.196	616.077
369728	25.0	15	0.30303030303030304	1711270732.4200006	307.8	4616.6	26.7	216.0	3240.0	129.6	0.467	44.144	54.887	615.372
369731	25.0	36	0.7272727272727273	1711270796.4189994	298.5	10746.9	28.8	209.5	7542.2	301.688	1.086	44.609	58.576	614.68
369734	1.0	1	0.5050505050505051	1711270860.419	40.9	40.9	20.4	28.7	28.7	28.7	0.103	45.242	62.26	614.002
369758	25.0	14	0.2828282828282828	1711277868.4200003	260.6	3648.7	22.5	182.9	2560.7	102.428	0.369	-173.598	43.432	608.818
369761	1.0	1	0.5050505050505051	1711277932.42	51.2	51.2	17.1	35.9	35.9	35.9	0.129	-173.464	39.725	609.014
369764	25.0	6	0.12121212121212122	1711277996.4190001	503.0	3017.8	28.2	353.0	2117.9	84.716	0.305	-173.369	36.018	609.236
369800	25.0	6	0.12121212121212122	1711278764.4190001	125.0	749.8	33.9	87.7	526.2	21.048	0.076	-173.498	-12.208	613.412
369803	25.0	3	0.06060606060606061	1711278828.42	182.2	546.6	25.4	127.9	383.6	15.344	0.055	-173.521	-15.916	613.742
369806	25.0	3	0.06060606060606061	1711278892.4189994	72.4	217.1	17.5	50.8	152.4	6.096	0.022	-173.535	-19.622	614.068
369809	25.0	13	0.26262626262626265	1711278956.4189994	311.0	4043.5	24.1	218.3	2837.8	113.512	0.409	-173.537	-23.329	614.393
369812	25.0	4	0.08080808080808081	1711279020.42	149.4	597.6	27.1	104.8	419.4	16.776	0.06	-173.526	-27.034	614.714
369848	6.893	65	4.762553725269524	1711279788.4190001	2695.7	175220.0	56.8	1891.9	122970.4	17839.896	64.224	-166.054	-74.928	618.977
369853	5.722	59	5.2076161827996845	1711279916.4190004	1745.5	102983.9	59.1	1225.0	72274.7	12631.021	45.472	-154.686	-81.983	619.734
369856	4.23	31	3.7013157580533464	1711279980.4199996	3188.7	98849.8	68.4	2237.8	69373.3	16400.307	59.041	-136.632	-85.106	620.12
369889	25.0	30	0.6060606060606061	1711280684.4189992	364.4	10933.0	27.2	255.8	7672.8	306.912	1.105	-6.081	-49.078	624.518
369892	25.0	60	1.2121212121212122	1711280748.4190006	453.2	27192.6	30.6	318.1	19083.9	763.356	2.748	-5.867	-45.391	624.775
369895	25.0	73	1.4747474747474747	1711280812.42	714.6	52167.9	38.0	501.5	36611.7	1464.468	5.272	-5.71	-41.702	624.995
369898	5.113	44	4.346219875263489	1711280876.42	1850.7	81430.2	59.2	1298.8	57148.2	11177.039	40.237	-5.597	-38.013	625.182
369937	25.0	4	0.08080808080808081	1711281644.419	224.7	899.0	25.7	157.7	630.9	25.236	0.091	-5.676	10.022	623.244
369940	25.0	6	0.12121212121212122	1711281709.419	419.8	2518.7	32.3	294.6	1767.6	70.704	0.255	-5.703	13.72	622.748
369943	25.0	16	0.32323232323232326	1711281773.419	126.2	2018.6	21.5	88.5	1416.7	56.668	0.204	-5.723	17.418	622.207
369946	25.0	6	0.12121212121212122	1711281837.419	656.4	3938.4	28.3	460.7	2764.0	110.56	0.398	-5.734	21.116	621.618
369949	25.0	6	0.12121212121212122	1711281901.419	583.7	3502.2	26.8	409.6	2457.9	98.316	0.354	-5.731	24.814	621.007
369982	3.29	36	5.5263885051119095	1711282605.4200003	2351.4	84649.2	57.8	1650.2	59407.3	18056.93	65.005	-1.698	68.706	612.732
369985	5.207	45	4.364753740593955	1711282669.4210002	2618.7	117843.1	64.8	1837.8	82702.9	15883.023	57.179	0.144	72.603	612.079
369988	3.259	29	4.494159142824378	1711282733.4210005	1790.4	51921.9	54.8	1256.5	36439.1	11181.068	40.252	3.151	76.467	611.456
369994	7.6	58	3.8543328017012226	1711282861.4210002	3283.1	190420.9	69.2	2304.1	133638.5	17584.013	63.302	21.102	83.828	610.371
370000	5.674	47	4.183534321003479	1711282989.4210002	2069.1	97247.3	54.6	1452.1	68248.7	12028.322	43.302	117.365	85.709	609.487
370003	6.049	46	3.8406882513346385	1711283053.4200006	2663.4	122514.9	63.3	1869.2	85981.6	14214.184	51.171	141.273	82.627	609.143
370027	25.0	15	0.30303030303030304	1711283565.419	312.1	4681.4	21.1	219.0	3285.4	131.416	0.473	161.589	51.088	608.356
370030	23.855	14	0.2964035661583345	1711283629.419	132.5	1855.5	25.8	93.0	1302.2	54.588	0.197	161.843	47.385	608.483
370033	25.0	21	0.42424242424242425	1711283693.4199998	251.3	5277.6	25.6	176.4	3703.8	148.152	0.533	162.031	43.68	608.646
370036	25.0	9	0.18181818181818182	1711283757.419	1490.2	13412.0	37.3	1045.8	9412.6	376.504	1.355	162.168	39.974	608.843
370039	25.0	6	0.12121212121212122	1711283821.419	430.5	2583.2	28.4	302.2	1812.9	72.516	0.261	162.265	36.266	609.074
370072	25.0	4	0.08080808080808081	1711284525.419	403.6	1614.2	23.0	283.2	1132.9	45.316	0.163	162.172	-8.252	612.956
370075	25.0	3	0.06060606060606061	1711284589.42	371.7	1115.2	18.6	260.9	782.7	31.308	0.113	162.143	-11.961	613.304
370078	25.0	6	0.12121212121212122	1711284653.419	216.0	1295.8	22.4	151.6	909.4	36.376	0.131	162.12	-15.669	613.635
370081	25.0	6	0.12121212121212122	1711284717.419	405.2	2431.3	26.8	284.4	1706.3	68.252	0.246	162.105	-19.376	613.976
370084	25.0	8	0.16161616161616163	1711284781.419	299.2	2394.0	22.2	210.0	1680.1	67.204	0.242	162.101	-23.082	614.304
370105	25.0	118	2.3838383838383836	1711285229.4190001	290.9	34324.2	32.5	204.1	24088.9	963.556	3.469	162.957	-51.742	616.805
370108	5.744	53	4.6601108578824455	1711285293.4190004	2499.8	132487.9	58.7	1754.4	92980.8	16187.465	58.275	163.293	-55.228	617.119
370123	8.523	65	3.8517285965367627	1711285614.4189994	2426.2	157704.0	63.7	1702.7	110677.6	12985.756	46.749	169.392	-74.688	618.994
370126	9.814	63	3.242121644404098	1711285678.419	2734.7	172287.7	63.9	1919.2	120912.5	12320.41	44.353	173.135	-78.275	619.367
370162	25.0	55	1.1111111111111112	1711286382.419	244.3	13436.3	20.8	171.4	9429.7	377.188	1.358	-31.149	-56.689	623.986
370170	6.962	58	4.207545144057641	1711286574.4189994	1522.1	88279.1	47.0	1068.2	61954.8	8898.995	32.036	-30.24	-45.637	624.85
370173	1.972	37	9.476099739791424	1711286638.4190001	1553.5	57479.2	54.3	1090.2	40339.2	20455.984	73.642	-30.079	-41.949	625.075
370222	19.747	23	0.5882494361757035	1711287342.4190004	878.5	20206.4	29.8	616.6	14181.0	718.134	2.585	-29.967	2.378	624.222
370225	25.0	9	0.18181818181818182	1711287406.419	320.8	2887.2	23.7	225.1	2026.3	81.052	0.292	-30.003	6.076	623.815
370228	25.0	3	0.06060606060606061	1711287470.4190001	317.5	952.6	17.6	222.8	668.5	26.74	0.096	-30.035	9.773	623.36
370231	25.0	2	0.04040404040404041	1711287534.419	200.9	401.9	21.3	141.0	282.1	11.284	0.041	-30.063	13.471	622.86
370234	25.0	8	0.16161616161616163	1711287598.419	409.5	3276.4	19.5	287.4	2299.4	91.976	0.331	-30.083	17.169	622.31
370267	25.0	38	0.7676767676767676	1711288302.4190001	1473.1	55976.4	47.4	1033.8	39284.6	1571.384	5.657	-27.99	61.512	614.029
370273	5.88	63	5.411255411255411	1711288430.4200003	1333.9	84038.5	46.0	936.2	58978.7	10030.391	36.109	-26.001	68.861	612.695
370276	9.617	66	3.466084364493432	1711288494.4200003	2000.3	132022.1	55.8	1403.8	92653.8	9634.377	34.684	-24.271	72.514	612.071
370279	5.55	37	3.367003367003367	1711288558.42	2537.1	93873.5	66.9	1780.6	65880.9	11870.432	42.734	-21.539	76.139	611.492
370317	25.0	15	0.30303030303030304	1711289391.4189992	270.5	4058.2	24.9	189.9	2848.1	113.924	0.41	137.207	51.336	608.234
370320	25.0	24	0.48484848484848486	1711289455.419	308.5	7403.1	21.9	216.5	5195.5	207.82	0.748	137.467	47.633	608.366
370323	25.0	5	0.10101010101010101	1711289519.42	219.3	1096.7	25.2	153.9	769.7	30.788	0.111	137.659	43.929	608.519
370356	25.0	10	0.20202020202020202	1711290223.4189994	303.7	3036.8	19.4	213.1	2131.2	85.248	0.307	137.882	-0.587	612.1
370359	25.0	4	0.08080808080808081	1711290287.419	662.7	2650.8	23.8	465.1	1860.3	74.412	0.268	137.846	-4.297	612.449
370362	25.0	2	0.04040404040404041	1711290351.419	416.8	833.6	23.7	292.5	585.0	23.4	0.084	137.813	-8.006	612.788
370365	25.0	5	0.10101010101010101	1711290415.419	111.2	556.0	23.5	78.0	390.2	15.608	0.056	137.784	-11.715	613.132
370368	25.0	7	0.1414141414141414	1711290479.4190001	349.2	2444.4	26.4	245.1	1715.5	68.62	0.247	137.76	-15.423	613.47
370401	6.369	55	4.361403325133895	1711291183.4189994	1807.8	99428.7	52.1	1268.7	69779.6	10956.131	39.442	139.552	-59.812	617.477
370404	12.675	98	3.9049269818500583	1711291247.4189994	1603.8	157174.6	45.6	1125.6	110306.0	8702.643	31.33	140.256	-63.49	617.823
370410	5.145	40	3.9265345387794373	1711291375.42	1477.4	59094.5	47.8	1036.8	41472.9	8060.816	29.019	142.672	-70.816	618.555
370445	25.0	41	0.8282828282828283	1711292143.419	209.4	8583.6	27.6	146.9	6024.0	240.96	0.867	-56.091	-60.609	623.736
370448	25.0	1	0.020202020202020204	1711292207.419	13.7	13.7	13.7	9.6	9.6	0.384	0.001	-55.543	-56.932	624.079
370456	8.474	67	3.9932008305857725	1711292399.419	2333.9	156373.4	53.7	1638.0	109743.7	12950.637	46.622	-54.615	-45.881	624.975
370509	25.0	6	0.12121212121212122	1711293232.4190001	224.5	1347.2	22.4	157.6	945.5	37.82	0.136	-54.362	5.828	624.025
370512	25.0	2	0.04040404040404041	1711293296.42	113.6	227.1	12.9	79.7	159.4	6.376	0.023	-54.394	9.526	623.581
370515	25.0	9	0.18181818181818182	1711293360.42	377.3	3395.4	27.3	264.8	2382.9	95.316	0.343	-54.422	13.223	623.075
370550	9.32	25	1.3547492088264619	1711294128.4189994	1929.1	48227.6	53.1	1353.9	33846.4	3631.588	13.074	-52.396	61.263	614.212
370553	11.653	44	1.906995814144188	1711294192.4189994	2241.2	98613.9	54.5	1572.9	69207.8	5939.054	21.381	-51.593	64.942	613.526
370559	18.619	73	1.9801647171538144	1711294320.4190001	2370.0	173009.4	56.1	1663.3	121419.0	6521.242	23.476	-48.772	72.268	612.238
370571	15.278	59	1.9503848539062572	1711294576.4199998	1981.6	116915.6	53.7	1390.7	82052.0	5370.598	19.334	11.952	86.502	609.931
370574	11.48	53	2.331679160947454	1711294640.4199998	1620.6	85890.6	53.3	1137.3	60278.5	5250.74	18.903	70.455	85.595	609.508
370577	11.48	66	2.9036004645760745	1711294704.4209995	2016.4	133082.9	45.1	1415.1	93398.3	8135.74	29.289	93.402	82.386	609.136
370592	18.513	165	4.501341399737122	1711295024.4190001	418.8	69109.7	30.8	293.9	48501.6	2619.867	9.432	111.326	62.673	608.161
370595	14.114	172	6.154788640264054	1711295088.4190004	157.1	27014.1	26.9	110.2	18958.6	1343.248	4.836	111.984	58.983	608.149
370598	25.0	37	0.7474747474747475	1711295152.4189992	230.1	8514.0	25.5	161.5	5975.2	239.008	0.86	112.466	55.287	608.176
370601	25.0	1	0.020202020202020204	1711295216.419	46.2	46.2	23.1	32.4	32.4	1.296	0.005	112.823	51.588	608.254
370604	25.0	37	0.7474747474747475	1711295280.4189992	411.1	15210.8	28.3	288.5	10675.0	427.0	1.537	113.088	47.885	608.365
370637	25.0	8	0.16161616161616163	1711295984.419	255.2	2041.7	31.0	179.1	1432.9	57.316	0.206	113.558	3.376	611.708
370640	25.0	4	0.08080808080808081	1711296048.419	145.2	580.8	18.6	101.9	407.6	16.304	0.059	113.522	-0.334	612.057
370643	25.0	4	0.08080808080808081	1711296112.419	239.6	958.3	46.4	168.1	672.5	26.9	0.097	113.487	-4.044	612.406
370646	25.0	9	0.18181818181818182	1711296176.419	517.5	4657.5	29.7	363.2	3268.7	130.748	0.471	113.454	-7.753	612.75
370649	25.0	4	0.08080808080808081	1711296240.419	200.4	801.4	26.6	140.6	562.4	22.496	0.081	113.424	-11.462	613.091
370682	20.014	50	1.2617430424965153	1711296944.419	1256.8	62839.0	46.8	882.0	44100.8	2203.498	7.933	114.649	-55.876	617.109
370688	25.0	21	0.42424242424242425	1711297073.4190004	1727.6	36279.8	54.6	1212.4	25461.4	1018.456	3.666	115.843	-63.24	617.823
370691	25.0	64	1.292929292929293	1711297137.419	1157.0	74050.7	44.1	812.0	51969.2	2078.768	7.484	116.807	-66.91	618.188
370694	25.0	66	1.3333333333333333	1711297201.4189994	1247.5	82337.0	45.7	875.5	57784.6	2311.384	8.321	118.199	-70.568	618.56
370727	25.0	73	1.4747474747474747	1711297905.419	79.2	5782.1	25.6	55.6	4057.9	162.316	0.584	-81.272	-64.53	623.403
370730	25.0	78	1.5757575757575757	1711297969.4189992	109.9	8571.5	24.9	77.1	6015.5	240.62	0.866	-80.5	-60.859	623.777
370733	25.0	46	0.9292929292929293	1711298033.419	83.2	3825.4	31.4	58.4	2684.7	107.388	0.387	-79.94	-57.183	624.128
370736	25.0	173	3.494949494949495	1711298097.419	46.3	8010.6	24.5	32.5	5621.9	224.876	0.81	-79.526	-53.502	624.456
370739	25.0	280	5.656565656565657	1711298161.419	58.0	16245.5	26.5	40.7	11401.2	456.048	1.642	-79.219	-49.819	624.762
370780	25.0	41	0.8282828282828283	1711298865.42	2493.3	102226.3	30.6	1749.8	71743.0	2869.72	10.331	-78.613	-5.515	625.194
370785	25.0	14	0.2828282828282828	1711298993.4190001	236.3	3308.8	23.2	165.9	2322.1	92.884	0.334	-78.685	1.878	624.546
370788	25.0	4	0.08080808080808081	1711299057.419	124.9	499.5	23.3	87.6	350.6	14.024	0.05	-78.72	5.575	624.142
370791	25.0	8	0.16161616161616163	1711299121.419	294.5	2355.8	31.9	206.7	1653.3	66.132	0.238	-78.753	9.272	623.684
370824	25.0	87	1.7575757575757576	1711299825.4199991	1177.7	102463.6	39.3	826.5	71909.5	2876.38	10.355	-77.788	53.633	615.668
370827	18.272	54	1.4925967202674735	1711299889.4199991	1285.5	69416.3	46.6	902.2	48716.7	2666.194	9.598	-77.368	57.323	614.937
370830	14.673	41	1.4112363325203234	1711299953.419	1367.4	56062.0	42.2	959.6	39344.6	2681.428	9.653	-76.799	61.009	614.222
370873	20.288	53	1.3193846987222382	1711300785.4199991	1485.1	78712.2	37.7	1042.3	55240.7	2722.826	9.802	85.968	66.607	608.211
370879	25.0	318	6.424242424242424	1711300914.4189994	260.8	82948.9	28.2	183.1	58214.0	2328.56	8.383	87.581	59.235	608.128
370882	25.0	46	0.9292929292929293	1711300978.4190001	297.7	13693.0	29.0	208.9	9609.8	384.392	1.384	88.073	55.54	608.163
370915	25.0	3	0.06060606060606061	1711301682.4190001	197.0	591.0	19.4	138.3	414.8	16.592	0.06	89.263	11.052	611.022
370918	25.0	3	0.06060606060606061	1711301746.4190001	324.1	972.3	19.8	227.5	682.4	27.296	0.098	89.233	7.341	611.374
370921	25.0	4	0.08080808080808081	1711301810.42	1395.5	5581.9	19.8	979.4	3917.4	156.696	0.564	89.199	3.631	611.73
370924	25.0	7	0.1414141414141414	1711301874.4189994	250.3	1752.3	18.4	175.7	1229.8	49.192	0.177	89.164	-0.08	612.08
370927	25.0	2	0.04040404040404041	1711301938.419	37.3	74.6	37.3	26.2	52.4	2.096	0.008	89.128	-3.789	612.441
370960	14.683	182	6.26024599327058	1711302642.42	313.1	56987.6	29.4	219.7	39994.2	2723.844	9.806	89.623	-48.238	616.577
370963	10.817	36	1.6808558918201146	1711302706.419	719.6	25905.0	37.3	505.0	18180.3	1680.716	6.051	89.895	-51.931	616.91
370969	14.693	45	1.5468095506208894	1711302834.42	1046.0	47069.5	41.6	734.1	33033.6	2248.254	8.094	90.754	-59.306	617.615
370972	16.64	34	1.0319541569541568	1711302898.419	1126.3	38295.8	46.7	790.5	26876.2	1615.156	5.815	91.428	-62.985	617.97
370996	25.0	42	0.8484848484848485	1711303372.0219998	903.8	37960.5	43.4	634.3	26640.9	1065.636	3.836	-146.897	-85.654	621.078
371007	25.0	55	1.1111111111111112	1711303602.4190006	1786.5	98257.9	40.3	1253.8	68957.9	2758.316	9.93	-108.463	-72.091	622.707
371010	25.0	165	3.3333333333333335	1711303666.4200008	298.7	49288.8	27.7	209.6	34591.2	1383.648	4.981	-106.817	-68.446	623.093
371013	10.992	287	13.186817226118537	1711303730.4200003	58.3	16738.6	25.3	40.9	11747.2	1068.705	3.847	-105.699	-64.786	623.479
371016	25.0	241	4.8686868686868685	1711303794.4189994	63.6	15327.7	25.3	44.6	10757.1	430.284	1.549	-104.909	-61.116	623.84
371019	25.0	11	0.2222222222222222	1711303858.4189994	77.3	850.8	21.8	54.3	597.1	23.884	0.086	-104.336	-57.44	624.182
371052	25.0	7	0.1414141414141414	1711304562.4189994	161.4	1129.5	15.0	113.2	792.7	31.708	0.114	-102.911	-13.165	625.597
371057	25.0	4	0.08080808080808081	1711304690.419	352.7	1411.0	25.7	247.6	990.2	39.608	0.143	-102.972	-5.774	625.149
371060	25.0	5	0.10101010101010101	1711304755.419	347.1	1735.5	24.0	243.6	1218.0	48.72	0.175	-103.007	-2.077	624.849
371063	25.0	12	0.24242424242424243	1711304819.4190001	334.4	4012.7	20.3	234.7	2816.1	112.644	0.406	-103.043	1.619	624.493
371096	25.0	124	2.505050505050505	1711305523.419	96.7	11991.3	22.8	67.9	8415.6	336.624	1.212	-102.705	45.989	617.094
371099	25.0	229	4.626262626262626	1711305587.4190001	125.4	28722.0	25.0	88.0	20157.3	806.292	2.903	-102.478	49.684	616.344
371102	19.747	92	2.352997744702814	1711305651.4189994	621.6	57189.7	37.0	436.3	40136.1	2032.516	7.317	-102.173	53.377	615.609
371105	25.0	45	0.9090909090909091	1711305715.5189998	1284.9	57818.8	44.8	901.7	40577.6	1623.104	5.843	-101.762	57.067	614.879
371108	13.324	23	0.8718223968899442	1711305779.4190001	1381.1	31765.9	42.6	969.3	22293.5	1673.184	6.023	-101.204	60.753	614.165
371141	21.78	42	0.9739265937613045	1711306483.4189994	655.1	27514.9	32.5	459.8	19310.1	886.598	3.192	58.02	74.175	608.424
371144	25.0	44	0.8888888888888888	1711306547.419	886.4	39000.2	38.1	622.1	27370.6	1094.824	3.941	60.137	70.529	608.259
371149	24.295	52	1.0809889385728035	1711306675.4190004	613.9	31922.4	38.8	430.8	22403.3	922.136	3.32	62.536	62.969	608.073
371152	25.0	282	5.696969696969697	1711306739.419	145.4	40990.8	26.8	102.0	28767.6	1150.704	4.143	63.25	59.034	608.064
371155	25.0	24	0.48484848484848486	1711306803.419	109.5	2628.6	24.4	76.9	1844.8	73.792	0.266	63.762	55.092	608.098
371158	25.0	14	0.2828282828282828	1711306867.4190004	136.7	1913.4	30.7	95.9	1342.8	53.712	0.193	64.133	51.145	608.195
371161	25.0	23	0.46464646464646464	1711306931.4190001	262.1	6027.3	24.2	183.9	4230.0	169.2	0.609	64.404	47.196	608.33
371164	25.0	12	0.24242424242424243	1711306995.4190001	332.1	3985.6	28.8	233.1	2797.1	111.884	0.403	64.6	43.243	608.507
371167	25.0	13	0.26262626262626265	1711307059.4190004	244.7	3180.5	27.2	171.7	2232.1	89.284	0.321	64.74	39.29	608.728
371170	25.0	8	0.16161616161616163	1711307123.419	459.2	3673.4	26.7	322.2	2578.0	103.12	0.371	64.836	35.335	608.98
371173	25.0	6	0.12121212121212122	1711307187.419	308.3	1849.6	26.7	216.4	1298.1	51.924	0.187	64.898	31.379	609.264
371176	25.0	8	0.16161616161616163	1711307251.419	258.1	2064.6	24.0	181.1	1448.9	57.956	0.209	64.933	27.422	609.572
371179	25.0	7	0.1414141414141414	1711307315.4189994	169.9	1189.1	26.0	119.2	834.5	33.38	0.12	64.947	23.464	609.905
371182	25.0	22	0.4444444444444444	1711307379.4190001	1223.1	26908.8	21.5	858.4	18884.7	755.388	2.719	64.945	19.507	610.25
371185	25.0	14	0.2828282828282828	1711307443.4190004	545.5	7636.6	20.7	382.8	5359.4	214.376	0.772	64.93	15.548	610.614
371188	25.0	3	0.06060606060606061	1711307507.419	130.3	391.0	27.5	91.5	274.4	10.976	0.04	64.905	11.59	610.985
371191	25.0	1	0.020202020202020204	1711307571.419	30.8	30.8	30.8	21.6	21.6	0.864	0.003	64.874	7.632	611.36
371194	25.0	5	0.10101010101010101	1711307635.419	125.0	625.2	30.8	87.8	438.8	17.552	0.063	64.838	3.675	611.743
371197	25.0	7	0.1414141414141414	1711307699.4189994	483.0	3380.7	18.4	338.9	2372.6	94.904	0.342	64.8	-0.283	612.134
371200	25.0	3	0.06060606060606061	1711307763.419	434.8	1304.4	26.3	305.1	915.4	36.616	0.132	64.763	-4.24	612.517
371203	25.0	7	0.1414141414141414	1711307827.4189994	187.5	1312.7	17.6	131.6	921.3	36.852	0.133	64.728	-8.196	612.9
371206	25.0	14	0.2828282828282828	1711307891.4190004	250.0	3499.7	24.4	175.4	2456.1	98.244	0.354	64.697	-12.152	613.286
371209	25.0	5	0.10101010101010101	1711307955.419	144.2	721.2	16.5	101.2	506.1	20.244	0.073	64.673	-16.107	613.663
371215	25.0	10	0.20202020202020202	1711308083.4190001	448.4	4483.7	20.9	314.7	3146.7	125.868	0.453	64.659	-24.014	614.41
371218	25.0	19	0.3838383838383838	1711308147.4190001	402.8	7653.2	25.1	282.7	5371.1	214.844	0.773	64.676	-27.966	614.774
371221	25.0	8	0.16161616161616163	1711308211.419	344.5	2755.7	22.5	241.8	1934.0	77.36	0.278	64.713	-31.916	615.143
371224	25.0	28	0.5656565656565656	1711308275.4189992	628.1	17586.8	28.9	440.8	12342.5	493.7	1.777	64.779	-35.865	615.5
371230	25.0	75	1.5151515151515151	1711308367.119	163.9	12293.3	25.8	115.0	8627.5	345.1	1.242	64.936	-41.52	616.012
371233	25.0	103	2.080808080808081	1711308403.4189992	186.7	19235.1	26.0	131.1	13499.3	539.972	1.944	65.024	-43.758	616.221
371236	25.0	74	1.494949494949495	1711308467.4190001	254.5	18836.3	27.4	178.6	13219.4	528.776	1.904	65.227	-47.7	616.579
371239	25.0	12	0.24242424242424243	1711308531.4190001	120.7	1448.7	42.9	84.7	1016.7	40.668	0.146	65.508	-51.64	616.944
371242	23.172	38	0.8282374931779385	1711308596.4190004	1150.9	43732.8	45.0	807.7	30691.9	1324.525	4.768	65.9	-55.637	617.312
371245	25.0	38	0.7676767676767676	1711308660.4190004	1477.3	56135.8	37.5	1036.7	39396.4	1575.856	5.673	66.432	-59.568	617.687
371248	25.0	48	0.9696969696969697	1711308724.4190001	526.0	25247.4	36.9	369.1	17718.8	708.752	2.552	67.177	-63.492	618.069
371251	25.0	44	0.8888888888888888	1711308788.42	837.0	36825.8	31.3	587.4	25844.6	1033.784	3.722	68.244	-67.406	618.452
371254	25.0	3	0.06060606060606061	1711308852.42	194.7	584.0	16.4	136.6	409.9	16.396	0.059	69.832	-71.304	618.853
371257	25.0	51	1.0303030303030303	1711308916.4200003	931.2	47492.2	38.3	653.5	33330.3	1333.212	4.8	72.358	-75.173	619.248
371260	25.0	45	0.9090909090909091	1711308980.42	877.9	39505.4	38.0	616.1	27725.1	1109.004	3.992	76.773	-78.985	619.662
371263	25.0	44	0.8888888888888888	1711309044.42	654.2	28783.6	36.1	459.1	20200.5	808.02	2.909	85.927	-82.652	620.074
371266	17.4	33	0.9578544061302683	1711309108.419	635.9	20985.7	29.5	446.3	14727.9	846.431	3.047	110.833	-85.772	620.498
371269	25.0	40	0.8080808080808081	1711309172.419	834.0	33360.0	39.6	585.3	23412.2	936.488	3.371	170.595	-86.418	620.923
371272	25.0	28	0.5656565656565656	1711309236.4190001	887.9	24861.5	37.8	623.1	17447.9	697.916	2.512	-153.738	-83.756	621.353
371275	25.0	26	0.5252525252525253	1711309300.4200003	925.2	24055.1	37.4	649.3	16882.0	675.28	2.431	-141.524	-80.189	621.774
371278	25.0	34	0.6868686868686869	1711309364.42	940.4	31972.1	39.0	659.9	22438.2	897.528	3.231	-136.071	-76.411	622.209
371281	25.0	1	0.020202020202020204	1711309428.419	1729.8	1729.8	101.8	1214.0	1214.0	48.56	0.175	-133.092	-72.559	622.629
371284	25.0	87	1.7575757575757576	1711309492.42	276.0	24010.2	28.9	193.7	16850.5	674.02	2.426	-131.261	-68.673	623.035
371287	25.0	253	5.111111111111111	1711309556.4200003	129.0	32645.2	23.5	90.6	22910.6	916.424	3.299	-130.056	-64.769	623.438
371293	25.0	9	0.18181818181818182	1711309635.619	126.8	1141.1	78.5	89.0	800.8	32.032	0.115	-129.064	-59.924	623.91
371298	8.661	19	1.1079505364229993	1711309748.4189994	306.8	5829.7	25.8	215.3	4091.3	472.382	1.701	-128.203	-53.007	624.516
371301	25.0	28	0.5656565656565656	1711309812.4200003	194.9	5458.5	26.6	136.8	3830.8	153.232	0.552	-127.891	-49.077	624.817
371304	25.0	54	1.0909090909090908	1711309876.4190004	255.9	13816.0	27.2	179.6	9696.1	387.844	1.396	-127.664	-45.145	625.089
371307	25.0	15	0.30303030303030304	1711309940.4189992	188.6	2828.7	27.9	132.3	1985.2	79.408	0.286	-127.501	-41.211	625.313
371310	25.0	8	0.16161616161616163	1711310004.419	477.3	3818.3	29.0	335.0	2679.7	107.188	0.386	-127.387	-37.275	625.501
371313	25.0	9	0.18181818181818182	1711310068.42	385.3	3467.7	25.0	270.4	2433.7	97.348	0.35	-127.312	-33.338	625.643
371316	25.0	16	0.32323232323232326	1711310132.419	242.1	3873.4	23.2	169.9	2718.4	108.736	0.391	-127.265	-29.4	625.724
371319	25.0	8	0.16161616161616163	1711310196.419	142.5	1140.2	25.5	100.0	800.2	32.008	0.115	-127.243	-25.461	625.756
371322	25.0	9	0.18181818181818182	1711310260.419	286.5	2578.1	26.7	201.0	1809.3	72.372	0.261	-127.238	-21.522	625.735
371325	25.0	12	0.24242424242424243	1711310324.4189994	291.0	3491.9	27.9	204.2	2450.6	98.024	0.353	-127.248	-17.581	625.653
371328	25.0	6	0.12121212121212122	1711310388.4190001	235.8	1414.6	24.7	165.5	992.8	39.712	0.143	-127.27	-13.64	625.505
371331	25.0	10	0.20202020202020202	1711310452.419	340.8	3407.7	25.9	239.2	2391.5	95.66	0.344	-127.299	-9.698	625.306
371334	25.0	3	0.06060606060606061	1711310516.4189994	64.4	193.1	19.6	45.2	135.5	5.42	0.02	-127.333	-5.756	625.036
371337	25.0	9	0.18181818181818182	1711310580.419	324.9	2924.5	31.2	228.0	2052.4	82.096	0.296	-127.371	-1.813	624.713
371340	25.0	10	0.20202020202020202	1711310644.42	310.1	3100.9	20.3	217.6	2176.2	87.048	0.313	-127.41	2.13	624.327
371343	25.0	10	0.20202020202020202	1711310708.419	257.8	2577.7	31.6	180.9	1809.0	72.36	0.26	-127.448	6.074	623.891
371346	25.0	10	0.20202020202020202	1711310772.419	224.0	2239.6	18.6	157.2	1571.8	62.872	0.226	-127.482	10.018	623.384
371349	25.0	2	0.04040404040404041	1711310836.419	136.2	272.3	56.4	95.6	191.1	7.644	0.028	-127.51	13.962	622.833
371352	25.0	3	0.06060606060606061	1711310900.4189994	187.5	562.5	17.6	131.6	394.8	15.792	0.057	-127.53	17.907	622.231
371355	25.0	13	0.26262626262626265	1711310964.4189994	704.2	9155.0	28.8	494.2	6425.0	257.0	0.925	-127.539	21.851	621.585
371358	25.0	9	0.18181818181818182	1711311028.419	219.3	1973.7	17.5	153.9	1385.2	55.408	0.199	-127.533	25.796	620.903
371361	25.0	6	0.12121212121212122	1711311092.4190001	379.3	2275.8	17.6	266.2	1597.2	63.888	0.23	-127.508	29.741	620.187
371364	25.0	8	0.16161616161616163	1711311156.419	1057.3	8458.6	24.8	742.0	5936.3	237.452	0.855	-127.459	33.685	619.441
371367	25.0	12	0.24242424242424243	1711311220.4189994	176.2	2114.3	18.5	123.6	1483.8	59.352	0.214	-127.38	37.63	618.673
371370	25.0	35	0.7070707070707071	1711311284.5190003	186.1	6514.6	25.9	130.6	4572.0	182.88	0.658	-127.261	41.579	617.891
371373	25.0	41	0.8282828282828283	1711311348.42	206.4	8460.5	26.1	144.8	5937.6	237.504	0.855	-127.092	45.516	617.101
371376	25.0	186	3.757575757575758	1711311412.4199998	82.0	15247.7	26.2	57.5	10700.9	428.036	1.541	-126.857	49.457	616.315
371379	25.0	221	4.4646464646464645	1711311476.419	103.9	22956.5	25.9	72.9	16111.0	644.44	2.32	-126.534	53.396	615.53
371382	24.684	78	1.5959301326340702	1711311540.4190004	453.9	35400.9	31.0	318.5	24844.6	1006.506	3.623	-126.091	57.332	614.759
371385	25.0	48	0.9696969696969697	1711311604.4190001	1065.7	51153.4	37.5	747.9	35899.7	1435.988	5.17	-125.475	61.264	614.008
371390	25.0	22	0.4444444444444444	1711311732.4189992	731.6	16095.0	37.3	513.4	11295.6	451.824	1.627	-123.345	69.103	612.586
371393	25.0	50	1.0101010101010102	1711311796.4190001	975.5	48775.8	38.0	684.6	34231.1	1369.244	4.929	-121.413	72.998	611.928
371396	25.0	43	0.8686868686868687	1711311860.42	1175.2	50531.9	41.4	824.7	35463.6	1418.544	5.107	-118.232	76.856	611.308
371399	18.284	34	0.9391663296716896	1711311924.4190001	554.1	18840.1	31.7	388.9	13222.1	723.151	2.603	-112.286	80.632	610.737
371402	25.0	33	0.6666666666666666	1711311988.42	968.9	31972.8	40.6	680.0	22438.7	897.548	3.231	-98.52	84.16	610.216
371405	18.284	24	0.6629409385917808	1711312052.4189994	405.4	9729.7	30.6	284.5	6828.4	373.463	1.344	-57.671	86.573	609.748
371408	18.284	40	1.1049015643196347	1711312116.419	882.1	35285.5	33.5	619.1	24763.6	1354.386	4.876	-0.57	85.441	609.338
371413	18.025	30	0.8405833648552097	1711312244.4190001	842.7	25280.1	35.7	591.4	17741.7	984.283	3.543	29.238	78.475	608.69
371416	25.0	38	0.7676767676767676	1711312308.4200003	1332.9	50649.7	39.0	935.4	35546.2	1421.848	5.119	33.311	74.64	608.448
371422	25.0	30	0.6060606060606061	1711312436.6220002	1847.1	55412.7	54.2	1296.3	38888.9	1555.556	5.6	37.179	66.829	608.156
371425	25.0	66	1.3333333333333333	1711312501.419	571.4	37714.2	35.3	401.0	26468.0	1058.72	3.811	38.203	62.853	608.091
371428	25.0	103	2.080808080808081	1711312565.4189987	116.8	12028.7	27.0	82.0	8441.8	337.672	1.216	38.909	58.917	608.082
371431	25.0	21	0.42424242424242425	1711312629.419	205.9	4324.7	25.4	144.5	3035.1	121.404	0.437	39.415	54.975	608.13
371434	25.0	15	0.30303030303030304	1711312693.419	246.6	3698.4	28.8	173.0	2595.6	103.824	0.374	39.784	51.028	608.223
371437	25.0	11	0.2222222222222222	1711312757.42	272.3	2995.8	22.3	191.1	2102.5	84.1	0.303	40.051	47.078	608.363
371440	25.0	12	0.24242424242424243	1711312821.419	311.5	3738.2	24.8	218.6	2623.5	104.94	0.378	40.246	43.126	608.545
371443	25.0	8	0.16161616161616163	1711312885.419	171.1	1369.0	29.8	120.1	960.8	38.432	0.138	40.383	39.173	608.764
371446	25.0	5	0.10101010101010101	1711312949.419	4577.0	22885.1	30.5	3212.2	16060.9	642.436	2.313	40.478	35.218	609.016
371449	25.0	6	0.12121212121212122	1711313013.419	371.2	2227.1	38.4	260.5	1563.0	62.52	0.225	40.539	31.261	609.296
371452	25.0	6	0.12121212121212122	1711313077.419	531.7	3190.0	28.3	373.1	2238.8	89.552	0.322	40.573	27.304	609.608
371455	25.0	6	0.12121212121212122	1711313141.52	71.6	429.6	22.4	50.2	301.5	12.06	0.043	40.587	23.341	609.935
371458	25.0	3	0.06060606060606061	1711313205.5190003	111.8	335.3	17.3	78.4	235.3	9.412	0.034	40.584	19.383	610.284
371461	25.0	2	0.04040404040404041	1711313269.42	255.3	510.6	20.0	179.2	358.3	14.332	0.052	40.568	15.431	610.64
371464	25.0	6	0.12121212121212122	1711313333.42	433.7	2602.2	30.7	304.4	1826.2	73.048	0.263	40.544	11.473	611.007
371467	25.0	7	0.1414141414141414	1711313397.4199998	257.7	1804.1	19.3	180.9	1266.1	50.644	0.182	40.512	7.515	611.385
371470	25.0	2	0.04040404040404041	1711313461.42	199.0	398.0	26.1	139.6	279.3	11.172	0.04	40.476	3.557	611.764
371473	25.0	6	0.12121212121212122	1711313525.42	158.8	952.8	30.6	111.4	668.7	26.748	0.096	40.438	-0.4	612.146
371476	25.0	3	0.06060606060606061	1711313589.42	214.8	644.5	16.6	150.8	452.3	18.092	0.065	40.4	-4.357	612.525
371479	25.0	5	0.10101010101010101	1711313653.42	534.5	2672.6	45.8	375.1	1875.6	75.024	0.27	40.365	-8.314	612.897
371482	25.0	7	0.1414141414141414	1711313717.419	263.4	1843.6	24.5	184.8	1293.8	51.752	0.186	40.334	-12.269	613.275
371488	25.0	6	0.12121212121212122	1711313845.42	278.4	1670.2	22.2	195.4	1172.2	46.888	0.169	40.297	-20.178	614.014
371494	25.0	12	0.24242424242424243	1711313973.419	1625.8	19509.4	31.1	1141.0	13691.8	547.672	1.972	40.314	-28.083	614.733
371497	25.0	16	0.32323232323232326	1711314037.419	328.7	5259.8	23.8	230.7	3691.4	147.656	0.532	40.353	-32.034	615.093
371500	25.0	12	0.24242424242424243	1711314101.419	187.5	2250.1	21.7	131.6	1579.1	63.164	0.227	40.419	-35.983	615.452
371503	25.0	25	0.5050505050505051	1711314165.419	323.9	8097.2	32.5	227.3	5682.7	227.308	0.818	40.52	-39.93	615.803
371506	25.0	36	0.7272727272727273	1711314229.419	133.8	4817.8	26.8	93.9	3381.2	135.248	0.487	40.666	-43.875	616.156
371509	25.0	80	1.6161616161616161	1711314293.4199998	123.2	9855.6	21.9	86.5	6916.7	276.668	0.996	40.871	-47.818	616.512
371512	25.0	249	5.03030303030303	1711314357.419	63.1	15723.8	24.6	44.3	11035.1	441.404	1.589	41.154	-51.758	616.867
371515	25.0	146	2.9494949494949494	1711314421.4199998	336.4	49110.7	29.5	236.1	34466.2	1378.648	4.963	41.542	-55.693	617.232
371518	17.655	22	0.629346423738947	1711314485.419	1081.1	23783.2	45.3	758.7	16691.2	945.409	3.403	42.078	-59.624	617.602
371521	25.0	43	0.8686868686868687	1711314549.419	1715.0	73743.2	51.0	1203.6	51753.4	2070.136	7.452	42.825	-63.548	617.978
371524	25.0	33	0.6666666666666666	1711314613.419	1333.1	43992.3	47.3	935.6	30874.0	1234.96	4.446	43.897	-67.462	618.363
371527	25.0	53	1.0707070707070707	1711314677.419	855.1	45321.4	40.4	600.1	31806.8	1272.272	4.58	45.498	-71.359	618.751
371530	25.0	15	0.30303030303030304	1711314741.4199998	1022.8	15341.6	41.2	717.8	10766.8	430.672	1.55	48.034	-75.229	619.153
371533	25.0	34	0.6868686868686869	1711314805.419	1182.0	40188.5	44.2	829.5	28204.5	1128.18	4.061	52.497	-79.04	619.557
371536	1.0	1	0.5050505050505051	1711314869.419	34.6	34.6	34.6	24.3	24.3	24.3	0.087	61.755	-82.703	619.972
371539	25.0	34	0.6868686868686869	1711314933.419	948.2	32238.4	39.5	665.4	22625.1	905.004	3.258	87.012	-85.811	620.388
371542	25.0	39	0.7878787878787878	1711314997.4199998	884.8	34506.6	40.4	620.9	24216.9	968.676	3.487	146.96	-86.388	620.813
371545	25.0	26	0.5252525252525253	1711315061.419	723.4	18807.8	36.3	507.7	13199.4	527.976	1.901	-156.852	-83.71	621.238
371548	25.0	26	0.5252525252525253	1711315125.4199998	348.1	9051.0	30.3	244.3	6352.0	254.08	0.915	-165.775	-80.136	621.666
371551	25.0	35	0.7070707070707071	1711315189.419	503.6	17624.5	30.8	353.4	12369.0	494.76	1.781	-160.372	-76.356	622.099
371554	20.859	37	0.8958659900699307	1711315253.419	815.6	30178.4	43.8	572.4	21179.4	1015.36	3.655	-157.415	-72.503	622.517
371557	25.0	30	0.6060606060606061	1711315317.419	1852.1	55562.3	44.6	1299.8	38993.9	1559.756	5.615	-155.599	-68.616	622.931
371560	16.098	33	1.0353252992090116	1711315381.419	1208.3	39874.3	40.0	848.0	27984.0	1738.353	6.258	-154.399	-64.712	623.331
371563	25.0	90	1.8181818181818181	1711315445.4190001	207.9	18707.4	27.2	145.9	13129.0	525.16	1.891	-153.572	-60.797	623.718
371566	25.0	279	5.636363636363637	1711315509.419	76.1	21239.8	25.0	53.4	14906.2	596.248	2.146	-152.983	-56.875	624.083
371569	25.0	171	3.4545454545454546	1711315573.4190001	75.9	12985.4	26.6	53.3	9113.2	364.528	1.312	-152.557	-52.949	624.415
371572	23.54	50	1.0727495859186598	1711315637.419	461.5	23073.4	29.1	323.9	16193.0	687.893	2.476	-152.247	-49.019	624.727
371575	25.0	41	0.8282828282828283	1711315701.419	123.5	5064.7	25.6	86.7	3554.4	142.176	0.512	-152.022	-45.087	625.001
371578	25.0	19	0.3838383838383838	1711315765.419	187.6	3564.6	23.7	131.7	2501.7	100.068	0.36	-151.86	-41.153	625.23
371581	25.0	12	0.24242424242424243	1711315829.419	767.4	9208.9	28.9	538.6	6462.9	258.516	0.931	-151.747	-37.217	625.419
371584	13.333	6	0.2272784092329581	1711315893.419	275.9	1655.4	20.1	193.6	1161.8	87.137	0.314	-151.672	-33.28	625.558
371587	25.0	12	0.24242424242424243	1711315957.419	299.8	3597.7	23.4	210.4	2524.9	100.996	0.364	-151.626	-29.342	625.653
371590	25.0	12	0.24242424242424243	1711316021.419	215.8	2589.9	21.0	151.5	1817.6	72.704	0.262	-151.604	-25.402	625.69
371593	25.0	8	0.16161616161616163	1711316085.419	531.4	4251.2	26.6	372.9	2983.5	119.34	0.43	-151.6	-21.463	625.675
371596	25.0	5	0.10101010101010101	1711316149.419	215.4	1076.9	18.4	151.2	755.8	30.232	0.109	-151.61	-17.522	625.6
371599	25.0	9	0.18181818181818182	1711316213.419	318.0	2861.7	20.7	223.2	2008.4	80.336	0.289	-151.631	-13.581	625.463
371602	25.0	6	0.12121212121212122	1711316278.4189994	247.9	1487.1	27.9	174.0	1043.7	41.748	0.15	-151.661	-9.577	625.253
371605	25.0	7	0.1414141414141414	1711316342.4189994	530.7	3715.2	17.3	372.5	2607.3	104.292	0.375	-151.696	-5.635	624.993
371608	25.0	6	0.12121212121212122	1711316406.4189994	270.6	1623.6	24.6	189.9	1139.5	45.58	0.164	-151.734	-1.692	624.67
371611	25.0	15	0.30303030303030304	1711316470.4190004	294.0	4410.3	18.2	206.3	3095.2	123.808	0.446	-151.773	2.251	624.288
371614	25.0	6	0.12121212121212122	1711316534.4189994	378.6	2271.3	38.5	265.7	1594.0	63.76	0.23	-151.811	6.195	623.846
371617	25.0	12	0.24242424242424243	1711316598.4190001	283.0	3396.0	25.9	198.6	2383.3	95.332	0.343	-151.845	10.139	623.353
371620	25.0	6	0.12121212121212122	1711316662.4189994	376.8	2261.1	40.7	264.5	1586.9	63.476	0.229	-151.873	14.083	622.799
371623	25.0	5	0.10101010101010101	1711316726.419	118.0	590.1	20.8	82.8	414.1	16.564	0.06	-151.893	18.028	622.203
371626	25.0	10	0.20202020202020202	1711316790.4200003	298.3	2982.8	19.7	209.3	2093.3	83.732	0.301	-151.902	21.972	621.559
371629	25.0	2	0.04040404040404041	1711316854.419	6.6	13.2	6.6	4.6	9.3	0.372	0.001	-151.895	25.917	620.885
371632	25.0	3	0.06060606060606061	1711316918.519	395.6	1186.7	37.0	277.6	832.8	33.312	0.12	-151.87	29.868	620.167
371640	25.0	25	0.5050505050505051	1711317110.419	150.3	3756.7	27.9	105.5	2636.5	105.46	0.38	-151.62	41.694	617.876
371643	25.0	64	1.292929292929293	1711317174.4189994	148.6	9509.0	27.2	104.3	6673.5	266.94	0.961	-151.45	45.637	617.087
371646	25.0	66	1.3333333333333333	1711317238.4189994	239.0	15776.2	26.2	167.8	11071.8	442.872	1.594	-151.213	49.578	616.297
371649	25.0	103	2.080808080808081	1711317302.4189994	60.6	6242.8	25.3	42.5	4381.2	175.248	0.631	-150.887	53.517	615.521
371652	12.759	187	7.402182337522097	1711317366.4189994	60.2	11250.9	26.7	42.2	7895.9	618.849	2.228	-150.439	57.453	614.739
371655	25.0	147	2.9696969696969697	1711317430.4200003	143.6	21104.6	27.9	100.8	14811.3	592.452	2.133	-149.818	61.385	613.988
371658	25.0	30	0.6060606060606061	1711317494.420999	991.2	29736.0	43.0	695.6	20868.9	834.756	3.005	-148.941	65.31	613.268
371661	25.0	30	0.6060606060606061	1711317558.422001	442.3	13270.0	33.4	310.4	9313.0	372.52	1.341	-147.663	69.223	612.567
371664	25.0	14	0.2828282828282828	1711317622.4200003	870.8	12191.7	49.4	611.2	8556.2	342.248	1.232	-145.709	73.117	611.913
371667	25.0	32	0.6464646464646465	1711317686.421	461.8	14776.2	32.3	324.1	10370.0	414.8	1.493	-142.469	76.974	611.291
